0	0.633882
0.1	0.659254
0.2	0.675846
0.3	0.650427
0.4	0.577696
0.5	0.517747
0.6	0.448302
0.7	0.385877
0.8	0.363175
0.9	0.411545
1	0.442286
1.1	0.46511
1.2	0.472379
1.3	0.487944
1.4	0.509987
1.5	0.532208
1.6	0.55617
1.7	0.573813
1.8	0.5894
1.9	0.562756
2	0.529543
2.1	0.499547
2.2	0.487139
2.3	0.478567
2.4	0.46005
2.5	0.501093
2.6	0.547504
2.7	0.594576
2.8	0.619168
2.9	0.61827
3	0.611985
3.1	0.603797
3.2	0.597782
3.3	0.594504
3.4	0.597439
3.5	0.544664
3.6	0.475184
3.7	0.393967
3.8	0.322254
3.9	0.291076
4	0.28574
4.1	0.385273
4.2	0.459043
4.3	0.51404
4.4	0.551855
4.5	0.586725
4.6	0.610983
4.7	0.624716
4.8	0.638589
4.9	0.646889
5	0.647304
5.1	0.593062
5.2	0.544288
5.3	0.498903
5.4	0.454025
5.5	0.409345
5.6	0.373653
5.7	0.479021
5.8	0.56246
5.9	0.611673
6	0.640128
6.1	0.658901
6.2	0.679009
6.3	0.679959
6.4	0.680865
6.5	0.683663
6.6	0.68488
6.7	0.601816
6.8	0.51135
6.9	0.448134
7	0.418276
7.1	0.389667
7.2	0.356915
7.3	0.436635
7.4	0.497091
7.5	0.520407
7.6	0.536089
7.7	0.55119
7.8	0.566243
7.9	0.579049
8	0.576841
8.1	0.575343
8.2	0.577136
8.3	0.528127
8.4	0.482858
8.5	0.458035
8.6	0.44659
8.7	0.429277
8.8	0.43168
8.9	0.525814
9	0.591455
9.1	0.627506
9.2	0.636501
9.3	0.625273
9.4	0.623732
9.5	0.629523
9.6	0.632771
9.7	0.639754
9.8	0.629046
9.9	0.53389
10	0.44626
10.1	0.388321
10.2	0.362714
10.3	0.36253
10.4	0.400567
10.5	0.464704
10.6	0.516229
10.7	0.549374
10.8	0.567943
10.9	0.574199
11	0.577823
11.1	0.585333
11.2	0.586345
11.3	0.592164
11.4	0.565781
11.5	0.512132
11.6	0.453415
11.7	0.402433
11.8	0.375018
11.9	0.380914
12	0.601289
12.1	1.39978
12.2	1.8736
12.3	2.22608
12.4	2.51044
12.5	2.74857
12.6	2.94835
12.7	3.12906
12.8	3.29141
12.9	3.4319
13	3.52247
13.1	3.4049
13.2	3.29161
13.3	3.18419
13.4	3.08155
13.5	2.9814
13.6	2.90505
13.7	2.82258
13.8	2.74123
13.9	2.67045
14	2.60649
14.1	2.54112
14.2	2.47305
14.3	2.40625
14.4	2.34424
14.5	2.28726
14.6	2.21457
14.7	2.15129
14.8	2.08887
14.9	2.02686
15	1.97122
15.1	1.9252
15.2	1.8938
15.3	1.87186
15.4	1.85057
15.5	1.82819
15.6	1.8001
15.7	1.76772
15.8	1.7349
15.9	1.70329
16	1.67478
16.1	1.64705
16.2	1.60322
16.3	1.55315
16.4	1.49851
16.5	1.44857
16.6	1.40944
16.7	1.37907
16.8	1.38922
16.9	1.38753
17	1.37696
17.1	1.36616
17.2	1.34751
17.3	1.3223
17.4	1.29949
17.5	1.27666
17.6	1.26
17.7	1.2474
17.8	1.1977
17.9	1.15587
18	1.12466
18.1	1.09505
18.2	1.07127
18.3	1.05824
18.4	1.11223
18.5	1.15021
18.6	1.18392
18.7	1.21834
18.8	1.2476
18.9	1.27199
19	1.29801
19.1	1.32181
19.2	1.3327
19.3	1.34509
19.4	1.30915
19.5	1.29676
19.6	1.28432
19.7	1.26571
19.8	1.24726
19.9	1.24897
20	1.27668
20.1	1.30554
20.2	1.32408
20.3	1.32914
20.4	1.32719
20.5	1.32218
20.6	1.32009
20.7	1.31886
20.8	1.32024
20.9	1.312
21	1.28317
21.1	1.25606
21.2	1.25039
21.3	1.2556
21.4	1.26055
21.5	1.27346
21.6	1.32402
21.7	1.36563
21.8	1.39875
21.9	1.42578
22	1.43363
22.1	1.44039
22.2	1.44511
22.3	1.45033
22.4	1.46275
22.5	1.45556
22.6	1.40966
22.7	1.37102
22.8	1.34281
22.9	1.31839
23	1.30494
23.1	1.31568
23.2	1.33227
23.3	1.34248
23.4	1.33267
23.5	1.323
23.6	1.3123
23.7	1.30752
23.8	1.29998
23.9	1.2571
24	1.20895
24.1	1.12921
24.2	1.03992
24.3	0.949835
24.4	0.877169
24.5	0.811975
24.6	0.749144
24.7	0.803978
24.8	1.79199
24.9	2.66747
25	3.21563
25.1	3.62686
25.2	3.93146
25.3	4.17546
25.4	4.40102
25.5	4.58635
25.6	4.74563
25.7	4.87616
25.8	4.73101
25.9	4.42162
26	4.16804
26.1	3.93698
26.2	3.73848
26.3	3.58384
26.4	3.40156
26.5	3.3394
26.6	3.27549
26.7	3.21045
26.8	3.15123
26.9	3.10929
27	3.07668
27.1	3.05467
27.2	3.03134
27.3	3.01132
27.4	3.00324
27.5	2.87661
27.6	2.77546
27.7	2.7474
27.8	2.73643
27.9	2.74267
28	2.72481
28.1	2.76606
28.2	2.81153
28.3	2.81325
28.4	2.82924
28.5	2.94885
28.6	3.04936
28.7	3.10115
28.8	3.2557
28.9	3.53163
29	3.80175
29.1	3.98158
29.2	4.12965
29.3	4.28018
29.4	4.40141
29.5	4.44313
29.6	4.5764
29.7	4.82901
29.8	4.95949
29.9	4.94155
30	4.89786
30.1	4.85808
30.2	4.82166
30.3	4.769
30.4	4.74284
30.5	4.74643
30.6	4.6519
30.7	4.40043
30.8	4.15005
30.9	3.92623
31	3.72637
31.1	3.56379
31.2	3.37125
31.3	3.19661
31.4	2.99738
31.5	2.7503
31.6	2.50294
31.7	2.2535
31.8	2.04416
31.9	1.88375
32	1.96381
32.1	1.98141
32.2	2.08433
32.3	2.18302
32.4	2.28124
32.5	2.34995
32.6	2.45358
32.7	2.80746
32.8	3.43592
32.9	3.91833
33	4.17425
33.1	4.40754
33.2	4.60832
33.3	4.76393
33.4	4.90461
33.5	4.97554
33.6	4.93378
33.7	4.74859
33.8	4.3241
33.9	3.91121
34	3.54202
34.1	3.17049
34.2	2.81892
34.3	2.56824
34.4	2.45191
34.5	2.50005
34.6	2.70691
34.7	2.78085
34.8	2.81662
34.9	2.83808
35	2.8406
35.1	2.89576
35.2	3.14527
35.3	3.31571
35.4	3.37417
35.5	3.40865
35.6	3.44854
35.7	3.5645
35.8	3.68189
35.9	3.9508
36	4.34691
36.1	4.65057
36.2	4.7604
36.3	4.84198
36.4	4.91954
36.5	4.9878
36.6	4.99784
36.7	5.02114
36.8	5.06866
36.9	5.0187
37	4.75338
37.1	4.49363
37.2	4.26071
37.3	3.9861
37.4	3.69186
37.5	3.6964
37.6	3.89033
37.7	4.02209
37.8	4.11801
37.9	4.16789
38	4.30547
38.1	4.42439
38.2	4.51508
38.3	4.69818
38.4	4.91165
38.5	4.89326
38.6	4.78538
38.7	4.7126
38.8	4.64647
38.9	4.56951
39	4.46867
39.1	4.46483
39.2	4.5717
39.3	4.62023
39.4	4.60664
39.5	4.59202
39.6	4.57801
39.7	4.55679
39.8	4.53298
39.9	4.43491
40	4.30069
40.1	4.07182
40.2	3.7333
40.3	3.42291
40.4	3.15286
40.5	2.90464
40.6	2.68854
40.7	2.50422
40.8	2.36489
40.9	2.40764
41	2.52862
41.1	2.70918
41.2	2.90195
41.3	3.04433
41.4	3.14423
41.5	3.15998
41.6	3.13374
41.7	3.07504
41.8	2.98302
41.9	2.87264
42	2.78398
42.1	2.623
42.2	2.44329
42.3	2.54551
42.4	2.67436
42.5	2.85168
42.6	3.00517
42.7	3.16192
42.8	3.30779
42.9	3.4403
43	3.55595
43.1	3.58829
43.2	3.60021
43.3	3.3995
43.4	3.17161
43.5	2.99946
43.6	2.84528
43.7	2.69042
43.8	2.555
43.9	2.36827
44	2.19133
44.1	2.14541
44.2	2.11621
44.3	2.11564
44.4	2.11933
44.5	2.04851
44.6	2.13892
44.7	2.31261
44.8	2.48093
44.9	2.7094
45	2.92457
45.1	3.12579
45.2	3.30991
45.3	3.44455
45.4	3.67913
45.5	3.97515
45.6	4.12946
45.7	4.22527
45.8	4.2982
45.9	4.346
46	4.37325
46.1	4.37811
46.2	4.38978
46.3	4.50863
46.4	4.53565
46.5	4.4808
46.6	4.42671
46.7	4.50417
46.8	4.58567
46.9	4.68009
47	4.80869
47.1	5.00736
47.2	5.18085
47.3	5.25002
47.4	5.38367
47.5	5.54926
47.6	5.7327
47.7	5.75981
47.8	5.58643
47.9	5.40455
48	5.18764
48.1	4.90679
48.2	4.61772
48.3	4.33695
48.4	3.95415
48.5	3.50598
48.6	3.26292
48.7	3.07591
48.8	3.22669
48.9	3.37126
49	3.5131
49.1	3.63694
49.2	3.75235
49.3	3.81556
49.4	4.3777
49.5	5.31237
49.6	5.99074
49.7	6.69984
49.8	7.4309
49.9	8.1374
50	8.91607
50.1	9.35624
50.2	9.98166
50.3	10.5624
50.4	10.8675
50.5	10.8616
50.6	10.7921
50.7	10.6314
50.8	10.3553
50.9	9.8627
51	9.41569
51.1	9.18902
51.2	8.69335
51.3	8.17337
51.4	7.67009
51.5	7.24527
51.6	6.85514
51.7	6.48689
51.8	6.89431
51.9	7.37451
52	7.51942
52.1	7.62684
52.2	7.73612
52.3	7.85851
52.4	7.95132
52.5	8.01308
52.6	8.21784
52.7	8.3966
52.8	7.94759
52.9	7.40946
53	6.96935
53.1	6.59596
53.2	6.24323
53.3	6.08118
53.4	6.08778
53.5	6.10043
53.6	5.8514
53.7	5.75878
53.8	5.83484
53.9	6.09944
54	6.31067
54.1	7.18041
54.2	7.82213
54.3	8.24958
54.4	8.5187
54.5	8.75725
54.6	9.02625
54.7	9.18276
54.8	9.17853
54.9	9.3293
55	9.42213
55.1	8.98521
55.2	8.63565
55.3	8.28343
55.4	7.95122
55.5	7.68651
55.6	7.42237
55.7	7.56594
55.8	7.82017
55.9	7.81259
56	7.49669
56.1	7.16747
56.2	6.86318
56.3	6.58251
56.4	6.36045
56.5	6.74475
56.6	7.0547
56.7	6.92355
56.8	6.78098
56.9	6.71667
57	7.01222
57.1	7.32102
57.2	7.473
57.3	7.86333
57.4	8.19577
57.5	8.0136
57.6	7.85122
57.7	7.67387
57.8	7.50838
57.9	7.37352
58	7.14838
58.1	7.5021
58.2	7.8875
58.3	7.94893
58.4	7.97318
58.5	7.99222
58.6	8.00948
58.7	8.02111
58.8	7.93582
58.9	7.96729
59	8.08174
59.1	7.66933
59.2	7.28888
59.3	6.93631
59.4	6.59647
59.5	6.25525
59.6	6.23079
59.7	7.01639
59.8	7.72771
59.9	8.27826
60	8.22238
60.1	8.00483
60.2	7.78744
60.3	7.58424
60.4	7.42066
60.5	7.2753
60.6	6.87895
60.7	5.63887
60.8	4.24178
60.9	2.08895
61	1.002
61.1	0.793113
61.2	0.730755
61.3	0.691499
61.4	0.590923
61.5	0.480268
61.6	0.455058
61.7	0.434224
61.8	0.410608
61.9	0.383489
62	0.354768
62.1	0.328828
62.2	0.325742
62.3	0.321773
62.4	0.31601
62.5	0.359945
62.6	0.529216
62.7	1.02211
62.8	3.3801
62.9	6.60133
63	8.53297
63.1	9.89022
63.2	11.0651
63.3	11.8393
63.4	12.3936
63.5	12.8108
63.6	13.0075
63.7	13.0899
63.8	12.7544
63.9	11.4717
64	10.1529
64.1	8.89486
64.2	7.45269
64.3	6.32617
64.4	5.37961
64.5	4.8344
64.6	4.57398
64.7	4.79739
64.8	5.15451
64.9	5.42618
65	5.67648
65.1	5.84429
65.2	5.94395
65.3	5.83386
65.4	5.72678
65.5	5.41013
65.6	5.24691
65.7	4.83529
65.8	4.32163
65.9	3.9381
66	3.65298
66.1	3.79625
66.2	4.16901
66.3	4.5526
66.4	5.05249
66.5	5.96747
66.6	6.62751
66.7	7.26652
66.8	8.29998
66.9	9.33945
67	10.206
67.1	10.754
67.2	11.0955
67.3	11.4407
67.4	11.5679
67.5	11.3104
67.6	11.3579
67.7	11.2012
67.8	10.6835
67.9	9.93506
68	9.09301
68.1	8.34851
68.2	7.72014
68.3	7.00337
68.4	6.75985
68.5	6.97938
68.6	7.03207
68.7	7.63255
68.8	7.90655
68.9	8.2357
69	8.68275
69.1	9.02865
69.2	9.47539
69.3	9.94234
69.4	9.97934
69.5	9.81383
69.6	9.45663
69.7	8.81885
69.8	8.51023
69.9	8.34624
70	8.29939
70.1	8.47161
70.2	8.51492
70.3	8.73287
70.4	9.12742
70.5	9.60541
70.6	10.1942
70.7	10.6486
70.8	11.1527
70.9	11.5294
71	11.7293
71.1	11.9045
71.2	11.9863
71.3	11.8663
71.4	11.8234
71.5	11.4623
71.6	10.9513
71.7	10.5571
71.8	9.93855
71.9	9.26711
72	8.58695
72.1	7.72115
72.2	6.94127
72.3	6.32587
72.4	5.62022
72.5	5.48734
72.6	5.45215
72.7	5.73305
72.8	6.12245
72.9	6.48581
73	6.88009
73.1	6.9828
73.2	6.91713
73.3	6.75728
73.4	6.51716
73.5	6.23269
73.6	5.93857
73.7	5.31973
73.8	4.66309
73.9	4.31084
74	4.26502
74.1	4.49267
74.2	4.80671
74.3	5.19768
74.4	5.46097
74.5	5.65114
74.6	5.8657
74.7	6.20549
74.8	6.48503
74.9	6.58883
75	6.46589
75.1	6.46461
75.2	6.41122
75.3	6.32003
75.4	6.27731
75.5	6.27378
75.6	6.2227
75.7	6.07064
75.8	5.89957
75.9	5.61651
76	5.36606
76.1	5.05936
76.2	4.8625
76.3	4.68815
76.4	4.72757
76.5	4.66311
76.6	4.66416
76.7	4.72844
76.8	4.80153
76.9	4.81327
77	4.80597
77.1	5.04188
77.2	5.2577
77.3	5.32498
77.4	5.40886
77.5	5.51269
77.6	5.51409
77.7	5.51058
77.8	5.60818
77.9	5.68653
78	5.6378
78.1	5.47477
78.2	5.3361
78.3	5.27779
78.4	5.1251
78.5	5.00411
78.6	5.11814
78.7	5.16054
78.8	5.04451
78.9	5.22365
79	5.48183
79.1	5.53972
79.2	5.69132
79.3	5.93059
79.4	5.92262
79.5	6.013
79.6	5.96904
79.7	5.81912
79.8	5.80212
79.9	5.71705
80	5.60478
80.1	5.51806
80.2	5.45911
80.3	5.23057
80.4	5.33036
80.5	5.23333
80.6	5.12733
80.7	5.22702
80.8	5.25081
80.9	5.07105
81	5.03249
81.1	5.06214
81.2	4.88631
81.3	4.87962
81.4	4.72977
81.5	4.69714
81.6	4.67081
81.7	4.52051
81.8	4.51908
81.9	4.68012
82	4.79022
82.1	5.06374
82.2	5.29442
82.3	5.25277
82.4	5.41695
82.5	5.57305
82.6	5.71469
82.7	5.95661
82.8	6.28988
82.9	6.46829
83	6.48686
83.1	6.49364
83.2	6.62421
83.3	6.69729
83.4	6.70481
83.5	6.87806
83.6	6.8926
83.7	6.93483
83.8	6.86325
83.9	6.7571
84	6.67892
84.1	6.63639
84.2	6.46026
84.3	6.32705
84.4	6.25353
84.5	5.96295
84.6	5.8324
84.7	5.53287
84.8	5.13353
84.9	4.8698
85	4.80044
85.1	4.52494
85.2	4.40327
85.3	4.51356
85.4	4.30619
85.5	4.33076
85.6	4.46278
85.7	4.45192
85.8	4.53759
85.9	5.15604
86	5.41607
86.1	5.62172
86.2	5.90895
86.3	6.10713
86.4	6.28926
86.5	6.40547
86.6	6.31028
86.7	6.33034
86.8	6.30099
86.9	5.83932
87	5.65149
87.1	5.61262
87.2	5.45854
87.3	5.26852
87.4	5.32425
87.5	5.41058
87.6	5.5647
87.7	5.94062
87.8	6.14096
87.9	6.42401
88	6.44613
88.1	6.30942
88.2	6.68966
88.3	7.0753
88.4	7.27581
88.5	7.37214
88.6	7.54685
88.7	7.48692
88.8	7.50569
88.9	7.39203
89	7.48583
89.1	7.6526
89.2	7.35112
89.3	7.03527
89.4	6.74434
89.5	6.45746
89.6	6.13999
89.7	5.83952
89.8	6.17764
89.9	6.62479
90	6.85842
90.1	7.04006
90.2	7.16912
90.3	7.26847
90.4	7.3777
90.5	7.41541
90.6	7.5726
90.7	7.78296
90.8	7.52265
90.9	7.15817
91	7.11694
91.1	7.11694
91.2	7.1703
91.3	7.18724
91.4	7.26
91.5	7.34905
91.6	7.31763
91.7	7.34491
91.8	7.46481
91.9	7.61646
92	7.51152
92.1	7.24039
92.2	6.9048
92.3	6.69653
92.4	6.43206
92.5	6.22212
92.6	6.05248
92.7	5.76434
92.8	5.32556
92.9	4.85429
93	4.90998
93.1	5.17362
93.2	5.41767
93.3	5.57183
93.4	5.7057
93.5	5.80041
93.6	5.84675
93.7	5.81148
93.8	5.81009
93.9	5.83078
94	5.40307
94.1	5.12884
94.2	5.13789
94.3	5.18872
94.4	5.23889
94.5	5.21848
94.6	5.26209
94.7	5.33997
94.8	5.35333
94.9	5.35079
95	5.33986
95.1	5.14334
95.2	4.72549
95.3	4.46338
95.4	4.27013
95.5	4.18091
95.6	4.02366
95.7	3.94295
95.8	3.88814
95.9	3.86368
96	3.89727
96.1	4.42177
96.2	5.26182
96.3	5.82295
96.4	6.20409
96.5	6.51574
96.6	6.80508
96.7	7.025
96.8	7.20573
96.9	7.25321
97	7.31979
97.1	7.10651
97.2	6.57483
97.3	6.2396
97.4	6.05091
97.5	5.9353
97.6	5.88434
97.7	6.08308
97.8	6.3947
97.9	6.85176
98	7.10449
98.1	7.4907
98.2	7.94776
98.3	8.20491
98.4	8.32057
98.5	9.0225
98.6	9.54665
98.7	9.84779
98.8	10.0629
98.9	10.1935
99	10.352
99.1	10.3804
99.2	10.2402
99.3	10.2157
99.4	10.2259
99.5	9.701
99.6	9.24864
99.7	8.84668
99.8	8.44699
99.9	8.11011
100	7.73976
100.1	7.86178
100.2	8.07319
100.3	8.1134
100.4	8.12452
100.5	8.15637
100.6	8.16242
100.7	8.22992
100.8	8.45491
100.9	9.24834
101	9.91849
101.1	10.1031
101.2	10.2243
101.3	10.2547
101.4	10.2756
101.5	10.2168
101.6	10.0925
101.7	10.1427
101.8	10.0376
101.9	9.37822
102	8.83235
102.1	8.33555
102.2	7.92384
102.3	7.63889
102.4	7.39023
102.5	7.85054
102.6	8.59479
102.7	8.92913
102.8	9.1982
102.9	9.41828
103	9.56413
103.1	9.65288
103.2	9.6746
103.3	9.57976
103.4	9.51952
103.5	8.93448
103.6	8.13129
103.7	7.56837
103.8	7.08413
103.9	6.63345
104	6.23064
104.1	6.18641
104.2	6.26266
104.3	6.47875
104.4	6.48913
104.5	6.39599
104.6	6.27524
104.7	5.94083
104.8	5.87513
104.9	5.98608
105	6.08144
105.1	5.89295
105.2	5.68741
105.3	5.47056
105.4	5.45313
105.5	5.56432
105.6	5.85993
105.7	6.23882
105.8	6.29735
105.9	6.15304
106	5.99909
106.1	5.84346
106.2	5.68125
106.3	5.53818
106.4	5.41889
106.5	5.38391
106.6	5.09549
106.7	4.62004
106.8	4.45013
106.9	4.44721
107	4.55163
107.1	4.66753
107.2	5.22067
107.3	5.77943
107.4	6.23652
107.5	6.58953
107.6	6.91392
107.7	7.1884
107.8	7.22757
107.9	7.14741
108	7.45384
108.1	7.69305
108.2	7.6009
108.3	7.42774
108.4	7.23651
108.5	7.01971
108.6	6.79072
108.7	6.56226
108.8	7.03439
108.9	7.59984
109	7.65226
109.1	7.65602
109.2	7.61779
109.3	7.56479
109.4	7.52247
109.5	7.48176
109.6	7.53092
109.7	7.69963
109.8	7.32196
109.9	6.81596
110	6.23727
110.1	5.7937
110.2	5.48555
110.3	5.26469
110.4	5.14239
110.5	5.20107
110.6	5.16867
110.7	4.99659
110.8	4.86795
110.9	4.90181
111	5.1183
111.1	5.26722
111.2	5.79564
111.3	6.38924
111.4	6.84284
111.5	7.12992
111.6	7.32912
111.7	7.4809
111.8	7.52567
111.9	7.4561
112	7.33426
112.1	7.23494
112.2	6.81917
112.3	6.24993
112.4	5.76887
112.5	5.43952
112.6	5.24508
112.7	5.08547
112.8	6.44766
112.9	7.42655
113	8.20633
113.1	8.65293
113.2	8.7774
113.3	8.83656
113.4	9.15741
113.5	9.88107
113.6	11.8496
113.7	12.2844
113.8	11.9631
113.9	11.731
114	11.4538
114.1	11.3953
114.2	11.561
114.3	11.6846
114.4	11.588
114.5	11.1054
114.6	9.04533
114.7	8.47854
114.8	8.00055
114.9	7.43885
115	7.0235
115.1	6.89993
115.2	8.1791
115.3	9.71128
115.4	10.4249
115.5	11.295
115.6	11.4881
115.7	12.0816
115.8	12.432
115.9	12.954
116	13.5551
116.1	13.8231
116.2	13.189
116.3	12.1741
116.4	11.8509
116.5	11.498
116.6	11.749
116.7	11.6351
116.8	11.637
116.9	11.6474
117	11.3949
117.1	11.1388
117.2	11.2733
117.3	11.537
117.4	11.5913
117.5	12.2059
117.6	12.6456
117.7	12.9616
117.8	13.2265
117.9	13.3029
118	13.6026
118.1	13.8578
118.2	13.9064
118.3	15.0596
118.4	15.6246
118.5	15.4302
118.6	15.3291
118.7	15.2439
118.8	14.9049
118.9	14.9277
119	14.5828
119.1	14.393
119.2	14.5233
119.3	13.4814
119.4	12.6911
119.5	11.9781
119.6	11.6907
119.7	11.511
119.8	11.5654
119.9	11.7881
120	12.4302
120.1	12.4685
120.2	12.0789
120.3	11.6925
120.4	11.7045
120.5	11.7247
120.6	11.3614
120.7	11.0622
120.8	11.0248
120.9	10.1872
121	9.16692
121.1	8.87482
121.2	8.61994
121.3	8.4391
121.4	8.01141
121.5	8.25129
121.6	10.2316
121.7	11.0873
121.8	11.8054
121.9	12.2174
122	13.243
122.1	13.3631
122.2	13.6229
122.3	14.1602
122.4	14.66
122.5	14.5825
122.6	13.3657
122.7	13.0739
122.8	12.9835
122.9	13.013
123	12.4293
123.1	12.9651
123.2	12.6786
123.3	11.9286
123.4	11.395
123.5	11.5749
123.6	11.3332
123.7	11.0762
123.8	10.4848
123.9	10.2663
124	9.63189
124.1	8.57206
124.2	8.70225
124.3	8.97493
124.4	8.87239
124.5	8.18185
124.6	8.47842
124.7	9.67249
124.8	10.0136
124.9	10.8751
125	11.1666
125.1	11.7648
125.2	12.2845
125.3	12.4529
125.4	12.7232
125.5	13.4776
125.6	14.0549
125.7	13.2709
125.8	13.0064
125.9	12.1687
126	12.0364
126.1	11.6358
126.2	11.787
126.3	11.8558
126.4	11.6897
126.5	10.9935
126.6	10.0588
126.7	9.55876
126.8	9.24282
126.9	8.97584
127	8.76259
127.1	8.59388
127.2	7.31791
127.3	6.60346
127.4	6.24625
127.5	5.84961
127.6	5.45749
127.7	5.1476
127.8	5.7346
127.9	6.69826
128	7.22141
128.1	7.55741
128.2	7.98022
128.3	8.41354
128.4	8.70825
128.5	8.91794
128.6	9.90892
128.7	10.2435
128.8	9.83783
128.9	9.12757
129	8.66896
129.1	8.34984
129.2	8.11254
129.3	7.85869
129.4	7.72841
129.5	7.80179
129.6	6.90997
129.7	6.91529
129.8	7.24303
129.9	7.67809
130	8.10607
130.1	8.38238
130.2	8.84792
130.3	8.75957
130.4	8.68864
130.5	8.53365
130.6	8.33284
130.7	7.95287
130.8	7.64439
130.9	7.20368
131	8.20906
131.1	8.83951
131.2	9.09592
131.3	9.50666
131.4	9.67764
131.5	9.79523
131.6	9.98019
131.7	10.177
131.8	10.4264
131.9	10.8311
132	10.0541
132.1	9.47223
132.2	9.8491
132.3	10.2663
132.4	10.3642
132.5	10.5668
132.6	11.7056
132.7	11.8976
132.8	11.9649
132.9	11.7947
133	11.6627
133.1	11.6247
133.2	10.8732
133.3	10.18
133.4	9.91482
133.5	9.65972
133.6	8.12489
133.7	7.78143
133.8	7.3378
133.9	7.08465
134	6.9526
134.1	6.65432
134.2	7.73835
134.3	8.84094
134.4	9.68525
134.5	10.2166
134.6	10.4229
134.7	10.5727
134.8	10.8835
134.9	11.0586
135	11.5346
135.1	11.6792
135.2	10.9116
135.3	10.089
135.4	9.74607
135.5	9.65637
135.6	9.73017
135.7	9.75849
135.8	9.86125
135.9	10.115
136	9.88208
136.1	10.0183
136.2	11.0653
136.3	11.7195
136.4	11.9572
136.5	12.0793
136.6	12.1715
136.7	12.3647
136.8	12.3438
136.9	12.1779
137	12.1552
137.1	12.208
137.2	11.3814
137.3	10.9456
137.4	11.9442
137.5	12.3055
137.6	12.8815
137.7	13.2124
137.8	13.3785
137.9	13.5534
138	13.7759
138.1	14.0217
138.2	14.2475
138.3	14.4633
138.4	13.6767
138.5	13.3703
138.6	12.9751
138.7	13.0616
138.8	13.6306
138.9	14.3044
139	15.0734
139.1	15.2779
139.2	15.3884
139.3	15.3575
139.4	15.2758
139.5	15.13
139.6	15.0433
139.7	14.5392
139.8	13.8257
139.9	13.1178
140	12.0141
140.1	11.4791
140.2	11.0087
140.3	10.6012
140.4	10.1281
140.5	9.93517
140.6	10.2579
140.7	10.5732
140.8	10.5282
140.9	10.5428
141	11.0879
141.1	11.2853
141.2	11.2601
141.3	12.1619
141.4	12.4174
141.5	12.7115
141.6	12.2397
141.7	11.9173
141.8	11.9405
141.9	11.9073
142	11.4209
142.1	11.4115
142.2	11.6872
142.3	11.1043
142.4	11.1076
142.5	10.7909
142.6	10.8529
142.7	11.0361
142.8	11.0166
142.9	10.9624
143	10.7702
143.1	10.4395
143.2	10.198
143.3	9.67877
143.4	9.29583
143.5	9.10343
143.6	8.83341
143.7	9.22406
143.8	9.36471
143.9	9.31382
144	9.859
144.1	10.4212
144.2	10.3682
144.3	10.5968
144.4	10.6656
144.5	11.2026
144.6	11.6724
144.7	11.5348
144.8	11.4383
144.9	11.9852
145	11.6742
145.1	11.2442
145.2	11.4979
145.3	14.0004
145.4	14.8506
145.5	14.7727
145.6	14.9575
145.7	14.9191
145.8	15.1824
145.9	14.9125
146	14.999
146.1	15.0751
146.2	15.1151
146.3	12.9349
146.4	12.0566
146.5	11.8186
146.6	11.1672
146.7	10.8309
146.8	10.2598
146.9	11.27
147	12.7323
147.1	13.5334
147.2	14.0981
147.3	14.1374
147.4	14.0433
147.5	14.202
147.6	14.2976
147.7	14.4685
147.8	14.3991
147.9	13.2121
148	11.3442
148.1	10.6784
148.2	10.6466
148.3	10.7834
148.4	10.747
148.5	10.3115
148.6	10.0217
148.7	9.60854
148.8	9.64298
148.9	10.6215
149	11.4015
149.1	11.2712
149.2	10.5895
149.3	12.0001
149.4	12.7052
149.5	13.1439
149.6	13.5734
149.7	13.7147
149.8	13.985
149.9	13.3762
150	13.2421
150.1	13.8941
150.2	14.3846
150.3	13.0079
150.4	12.4472
150.5	12.5322
150.6	12.5959
150.7	12.7209
150.8	12.7121
150.9	13.1495
151	13.3759
151.1	12.6357
151.2	12.2131
151.3	12.1692
151.4	12.0015
151.5	11.6917
151.6	12.1185
151.7	12.6609
151.8	12.8218
151.9	12.5965
152	12.2463
152.1	12.2842
152.2	11.9909
152.3	11.9098
152.4	12.1659
152.5	12.435
152.6	12.0386
152.7	11.4734
152.8	11.1625
152.9	10.8579
153	10.5823
153.1	10.1707
153.2	10.0605
153.3	10.9916
153.4	10.9299
153.5	10.5857
153.6	10.198
153.7	9.86794
153.8	9.57111
153.9	9.40864
154	9.94418
154.1	10.1276
154.2	10.0119
154.3	8.76604
154.4	8.46336
154.5	8.36127
154.6	8.29656
154.7	8.46876
154.8	8.85711
154.9	9.54409
155	9.25504
155.1	9.13396
155.2	9.21839
155.3	9.13148
155.4	9.05276
155.5	8.85669
155.6	9.16218
155.7	9.22174
155.8	9.03579
155.9	8.47383
156	8.01694
156.1	7.79346
156.2	7.52656
156.3	7.5133
156.4	9.00799
156.5	10.38
156.6	10.0927
156.7	10.3126
156.8	10.4909
156.9	10.5665
157	10.5831
157.1	10.5637
157.2	10.7646
157.3	11.0006
157.4	9.98179
157.5	8.49029
157.6	8.68583
157.7	8.29402
157.8	7.92768
157.9	7.74996
158	9.64913
158.1	10.0196
158.2	10.1193
158.3	10.0535
158.4	9.9107
158.5	9.88804
158.6	9.47867
158.7	9.26594
158.8	9.67906
158.9	9.93609
159	8.28952
159.1	8.042
159.2	7.78512
159.3	7.63853
159.4	7.61154
159.5	7.74222
159.6	9.32362
159.7	10.3647
159.8	11.0137
159.9	11.3578
160	11.4706
160.1	11.645
160.2	11.8299
160.3	12.1974
160.4	12.6185
160.5	12.7884
160.6	11.987
160.7	11.2856
160.8	10.7818
160.9	10.3361
161	10.3264
161.1	10.1089
161.2	10.0274
161.3	9.84385
161.4	9.58639
161.5	9.40987
161.6	9.60696
161.7	10.3653
161.8	10.1934
161.9	10.8732
162	11.6932
162.1	12.2627
162.2	12.6418
162.3	12.9146
162.4	13.0956
162.5	13.2918
162.6	13.0461
162.7	12.799
162.8	13.308
162.9	12.9344
163	12.2966
163.1	12.2834
163.2	12.3577
163.3	12.3359
163.4	12.4314
163.5	12.4346
163.6	13.3086
163.7	13.6515
163.8	13.6807
163.9	13.8421
164	14.0598
164.1	14.0235
164.2	13.89
164.3	13.8825
164.4	13.9176
164.5	14.3273
164.6	13.9789
164.7	13.7372
164.8	13.2828
164.9	13.1695
165	13.0956
165.1	12.7048
165.2	12.3104
165.3	11.8647
165.4	11.2486
165.5	10.2879
165.6	9.40603
165.7	8.54193
165.8	7.88606
165.9	7.78822
166	9.77734
166.1	10.7797
166.2	11.7181
166.3	12.292
166.4	13.1531
166.5	13.4954
166.6	14.0964
166.7	15.0095
166.8	15.3752
166.9	15.1498
167	13.5496
167.1	12.6194
167.2	11.9815
167.3	11.6661
167.4	11.0812
167.5	10.8914
167.6	10.1634
167.7	8.81124
167.8	8.21584
167.9	8.44823
168	8.67716
168.1	8.72936
168.2	8.28072
168.3	9.26354
168.4	9.17257
168.5	9.27761
168.6	9.38326
168.7	9.62558
168.8	9.82953
168.9	9.55751
169	9.26521
169.1	10.7542
169.2	12.8818
169.3	13.0561
169.4	14.0851
169.5	14.664
169.6	15.3942
169.7	15.7418
169.8	16.2367
169.9	16.5904
170	17.0645
170.1	16.5102
170.2	15.2642
170.3	14.4706
170.4	13.3736
170.5	12.7396
170.6	12.03
170.7	12.4837
170.8	12.5904
170.9	12.7197
171	12.6679
171.1	12.6827
171.2	12.7373
171.3	12.9262
171.4	13.055
171.5	13.1469
171.6	13.307
171.7	12.6435
171.8	12.128
171.9	11.79
172	11.3821
172.1	10.9846
172.2	10.5498
172.3	10.8508
172.4	11.3912
172.5	11.835
172.6	11.5524
172.7	11.8719
172.8	11.6139
172.9	11.867
173	11.8945
173.1	12.1271
173.2	12.1955
173.3	11.5162
173.4	10.5966
173.5	10.2332
173.6	10.2859
173.7	9.82298
173.8	9.70082
173.9	9.27274
174	9.22791
174.1	9.13596
174.2	9.38108
174.3	9.98337
174.4	10.7537
174.5	10.6657
174.6	11.6369
174.7	12.3974
174.8	13.4802
174.9	14.1467
175	14.5415
175.1	14.6827
175.2	14.8986
175.3	14.9828
175.4	15.1242
175.5	15.5478
175.6	15.2793
175.7	15.0958
175.8	14.691
175.9	14.1929
176	14.042
176.1	14.112
176.2	13.781
176.3	13.7078
176.4	13.38
176.5	12.9294
176.6	12.545
176.7	12.0502
176.8	11.5637
176.9	11.2086
177	11.3397
177.1	11.0186
177.2	11.0069
177.3	10.6003
177.4	10.3545
177.5	10.0727
177.6	9.76154
177.7	9.50217
177.8	9.29858
177.9	9.59309
178	9.04488
178.1	8.7854
178.2	8.54016
178.3	8.4488
178.4	8.23341
178.5	7.90958
178.6	8.39866
178.7	9.46654
178.8	10.1578
178.9	10.2811
179	10.3857
179.1	10.5961
179.2	10.8351
179.3	10.8527
179.4	11.2258
179.5	11.3981
179.6	11.0493
179.7	10.0332
179.8	9.33918
179.9	8.90149
180	8.54303
180.1	8.08678
180.2	7.85544
180.3	8.0907
180.4	7.80118
180.5	7.79698
180.6	8.18913
180.7	8.6663
180.8	8.98662
180.9	9.33867
181	10.1895
181.1	11.0626
181.2	11.6153
181.3	12.1263
181.4	12.5588
181.5	12.9233
181.6	13.0313
181.7	13.1458
181.8	14.1751
181.9	14.2674
182	13.9667
182.1	13.4705
182.2	13.0678
182.3	12.493
182.4	11.9459
182.5	11.3981
182.6	10.9507
182.7	10.4774
182.8	8.71134
182.9	8.16607
183	7.84743
183.1	7.75582
183.2	7.68975
183.3	7.6696
183.4	8.47556
183.5	8.66525
183.6	8.75019
183.7	8.82047
183.8	8.93014
183.9	8.97423
184	8.79272
184.1	8.65604
184.2	8.64409
184.3	8.66855
184.4	8.06851
184.5	8.19929
184.6	8.13852
184.7	8.037
184.8	7.90919
184.9	7.92552
185	9.25061
185.1	9.9334
185.2	10.1867
185.3	10.2998
185.4	10.1578
185.5	9.91466
185.6	9.87248
185.7	10.0403
185.8	10.1501
185.9	10.1608
186	9.00722
186.1	8.25267
186.2	8.52701
186.3	8.56336
186.4	8.63699
186.5	8.78511
186.6	8.82798
186.7	8.66646
186.8	8.61287
186.9	9.08365
187	9.72777
187.1	9.9975
187.2	9.46562
187.3	9.53498
187.4	9.98543
187.5	10.2833
187.6	10.7004
187.7	11.0936
187.8	11.3467
187.9	11.1613
188	10.9262
188.1	11.9695
188.2	12.3109
188.3	12.2885
188.4	12.0557
188.5	11.8604
188.6	11.5285
188.7	11.2136
188.8	10.8855
188.9	10.7014
189	10.8666
189.1	10.199
189.2	10.6273
189.3	11.0668
189.4	11.737
189.5	12.4604
189.6	13.1184
189.7	13.8866
189.8	14.9446
189.9	15.6631
190	16.0506
190.1	16.147
190.2	15.9708
190.3	15.8008
190.4	15.3972
190.5	14.9675
190.6	14.402
190.7	13.7263
190.8	12.653
190.9	11.7935
191	10.7986
191.1	9.98598
191.2	9.24573
191.3	8.96191
191.4	10.2153
191.5	11.1653
191.6	11.9247
191.7	12.2382
191.8	12.2804
191.9	12.5408
192	12.6361
192.1	12.7128
192.2	12.9473
192.3	12.8352
192.4	11.5683
192.5	10.3853
192.6	9.52391
192.7	9.08284
192.8	8.98822
192.9	8.74681
193	8.79214
193.1	8.95835
193.2	8.80301
193.3	8.81825
193.4	9.3352
193.5	9.63065
193.6	9.75026
193.7	10.0545
193.8	10.3578
193.9	10.3973
194	10.4963
194.1	10.3487
194.2	10.2914
194.3	10.1274
194.4	9.59052
194.5	10.8983
194.6	12.2987
194.7	13.2157
194.8	13.4965
194.9	13.7488
195	14.024
195.1	14.219
195.2	14.4482
195.3	14.551
195.4	14.5789
195.5	13.3498
195.6	11.9142
195.7	11.1969
195.8	11.2145
195.9	11.2449
196	10.7464
196.1	11.2918
196.2	12.0371
196.3	12.3464
196.4	12.5349
196.5	12.7614
196.6	12.7918
196.7	12.3076
196.8	11.6183
196.9	11.4843
197	11.6298
197.1	10.8965
197.2	9.79265
197.3	9.32453
197.4	9.02547
197.5	8.65939
197.6	8.43781
197.7	9.43405
197.8	11.6103
197.9	12.7847
198	13.3415
198.1	13.6543
198.2	14.1546
198.3	14.6403
198.4	15.1121
198.5	15.8867
198.6	16.4012
198.7	16.087
198.8	14.8929
198.9	14.389
199	14.4214
199.1	14.6272
199.2	14.9154
199.3	14.6668
199.4	14.1042
199.5	13.2108
199.6	12.5749
199.7	12.3693
199.8	12.1725
199.9	11.3331
200	10.8042
200.1	10.4844
200.2	9.67783
200.3	9.77428
200.4	10.1635
200.5	10.4422
200.6	10.7512
200.7	10.5502
200.8	10.641
200.9	11.9072
201	12.9191
201.1	13.2757
201.2	13.4032
201.3	13.2317
201.4	13.2799
201.5	13.2786
201.6	13.3608
201.7	14.2971
201.8	14.889
201.9	14.5076
202	14.0061
202.1	13.729
202.2	13.7552
202.3	14.2292
202.4	14.4521
202.5	15.4085
202.6	15.9083
202.7	15.7157
202.8	15.55
202.9	15.4135
203	15.3051
203.1	15.2617
203.2	15.0482
203.3	15.0139
203.4	15.085
203.5	14.4274
203.6	14.0574
203.7	13.6511
203.8	13.2551
203.9	12.7787
204	12.5415
204.1	13.7369
204.2	14.2783
204.3	14.0926
204.4	13.8753
204.5	13.6247
204.6	13.3587
204.7	13.3029
204.8	13.3263
204.9	13.0626
205	12.5042
205.1	10.493
205.2	9.50844
205.3	9.22114
205.4	9.18915
205.5	9.25774
205.6	9.37785
205.7	9.54808
205.8	9.78854
205.9	10.5448
206	11.053
206.1	11.8029
206.2	12.3635
206.3	12.9866
206.4	12.927
206.5	12.7084
206.6	12.4524
206.7	11.9892
206.8	11.5247
206.9	10.9642
207	10.5925
207.1	9.96022
207.2	10.3559
207.3	10.5776
207.4	11.1182
207.5	11.6939
207.6	12.0834
207.7	12.3958
207.8	12.6311
207.9	12.8702
208	13.3263
208.1	13.6959
208.2	13.1767
208.3	12.2667
208.4	12.2385
208.5	11.9893
208.6	12.187
208.7	12.502
208.8	12.9668
208.9	13.3052
209	13.5895
209.1	13.7384
209.2	13.733
209.3	13.8559
209.4	13.4065
209.5	13.2563
209.6	13.1844
209.7	13.0864
209.8	12.8349
209.9	12.6284
210	12.1967
210.1	11.8453
210.2	11.7119
210.3	13.005
210.4	13.9998
210.5	14.4724
210.6	14.6488
210.7	14.7403
210.8	14.6527
210.9	14.527
211	14.4293
211.1	14.5581
211.2	14.4103
211.3	12.906
211.4	11.4533
211.5	11.124
211.6	11.4827
211.7	11.2488
211.8	11.3708
211.9	11.8721
212	12.1875
212.1	12.317
212.2	12.8028
212.3	13.5325
212.4	13.74
212.5	13.4273
212.6	12.7585
212.7	12.8995
212.8	13.0623
212.9	12.76
213	12.4033
213.1	12.3394
213.2	12.068
213.3	11.5091
213.4	11.8417
213.5	12.3012
213.6	12.1901
213.7	11.5739
213.8	10.8366
213.9	10.3874
214	10.1951
214.1	9.62271
214.2	9.43307
214.3	9.77397
214.4	9.64684
214.5	9.22272
214.6	9.24518
214.7	9.67802
214.8	9.52766
214.9	9.46565
215	11.0872
215.1	11.8163
215.2	12.2468
215.3	12.1873
215.4	12.2331
215.5	12.3353
215.6	12.3639
215.7	12.2586
215.8	12.7294
215.9	13.2416
216	12.3287
216.1	11.9993
216.2	11.7595
216.3	11.6211
216.4	11.4265
216.5	11.2478
216.6	12.122
216.7	13.0752
216.8	13.7016
216.9	13.9127
217	14.1651
217.1	14.3196
217.2	14.4066
217.3	14.4876
217.4	14.8863
217.5	15.1103
217.6	14.4733
217.7	13.6215
217.8	13.1115
217.9	12.9198
218	12.77
218.1	12.7266
218.2	12.9774
218.3	13.3503
218.4	13.3857
218.5	13.8093
218.6	14.1575
218.7	14.5628
218.8	14.6745
218.9	15.1186
219	15.4674
219.1	15.9657
219.2	16.1728
219.3	16.2177
219.4	16.1526
219.5	15.9368
219.6	15.7722
219.7	15.8683
219.8	16.522
219.9	16.7071
220	16.7407
220.1	16.5646
220.2	16.428
220.3	16.2814
220.4	16.2293
220.5	16.0822
220.6	15.957
220.7	15.6211
220.8	14.687
220.9	13.7354
221	13.0843
221.1	12.5099
221.2	12.0049
221.3	12.3003
221.4	12.2173
221.5	12.3337
221.6	12.2891
221.7	12.1715
221.8	12.1162
221.9	12.0546
222	11.8721
222.1	11.584
222.2	11.2831
222.3	10.2623
222.4	9.62276
222.5	8.83106
222.6	8.28467
222.7	7.76294
222.8	7.18714
222.9	7.37755
223	8.23275
223.1	8.73373
223.2	9.22718
223.3	9.58627
223.4	9.84946
223.5	10.0292
223.6	10.1604
223.7	10.5957
223.8	11.1051
223.9	11.0651
224	10.5703
224.1	10.3573
224.2	9.99671
224.3	9.58073
224.4	9.27491
224.5	9.01125
224.6	8.76385
224.7	8.13155
224.8	7.35812
224.9	6.90455
225	6.54342
225.1	6.17841
225.2	6.04147
225.3	7.22896
225.4	7.91768
225.5	8.50757
225.6	9.13966
225.7	9.70246
225.8	10.0917
225.9	10.3494
226	10.5433
226.1	11.2798
226.2	11.756
226.3	11.526
226.4	11.5017
226.5	11.4253
226.6	11.301
226.7	11.1709
226.8	11.0877
226.9	11.2564
227	11.5166
227.1	11.1576
227.2	11.0092
227.3	10.8544
227.4	10.614
227.5	10.4048
227.6	10.2724
227.7	10.977
227.8	11.7405
227.9	11.9315
228	11.9521
228.1	12.0635
228.2	12.1538
228.3	12.2151
228.4	12.3193
228.5	12.6831
228.6	12.9431
228.7	12.529
228.8	12.0454
228.9	11.7676
229	11.4911
229.1	11.1813
229.2	10.8878
229.3	10.9627
229.4	10.8186
229.5	10.3654
229.6	9.90564
229.7	9.43164
229.8	8.98769
229.9	8.63346
230	8.3897
230.1	8.34361
230.2	8.04554
230.3	7.35924
230.4	7.04939
230.5	6.87421
230.6	6.74867
230.7	6.70632
230.8	6.62724
230.9	6.61428
231	6.55238
231.1	6.35729
231.2	6.90975
231.3	7.38745
231.4	7.72388
231.5	8.00148
231.6	8.63467
231.7	9.02507
231.8	9.18941
231.9	9.24924
232	9.26117
232.1	9.23388
232.2	8.87733
232.3	8.53336
232.4	8.34859
232.5	8.40663
232.6	8.14949
232.7	7.93583
232.8	7.93838
232.9	7.9648
233	8.04004
233.1	8.13949
233.2	8.22691
233.3	8.22896
233.4	8.12408
233.5	7.73783
233.6	7.24239
233.7	6.87311
233.8	6.48801
233.9	6.09964
234	6.54133
234.1	6.70122
234.2	6.74651
234.3	6.80638
234.4	6.89047
234.5	6.95646
234.6	7.03758
234.7	7.13339
234.8	7.38063
234.9	7.62074
235	7.14404
235.1	6.84606
235.2	6.64327
235.3	6.51958
235.4	6.38925
235.5	6.26444
235.6	6.91776
235.7	7.62623
235.8	7.9307
235.9	8.09357
236	8.18183
236.1	8.22983
236.2	8.27837
236.3	8.32151
236.4	8.75912
236.5	8.88164
236.6	8.38231
236.7	7.71487
236.8	7.25617
236.9	6.90429
237	6.65879
237.1	6.5207
237.2	6.46395
237.3	6.38448
237.4	5.83495
237.5	5.77764
237.6	5.80767
237.7	5.71625
237.8	5.59415
237.9	5.48072
238	6.17679
238.1	6.29611
238.2	6.33934
238.3	6.35341
238.4	6.34579
238.5	6.27703
238.6	6.14935
238.7	6.16126
238.8	6.9325
238.9	7.77571
239	7.76942
239.1	8.12037
239.2	8.45327
239.3	8.91217
239.4	9.34741
239.5	9.77462
239.6	10.82
239.7	12.0107
239.8	12.8819
239.9	13.8723
240	14.9143
240.1	15.9799
240.2	17.1776
240.3	18.5098
240.4	19.4684
240.5	20.0434
240.6	20.0258
240.7	19.8245
240.8	19.4844
240.9	18.8446
241	18.1254
241.1	17.2488
241.2	16.1663
241.3	14.789
241.4	13.5608
241.5	12.7519
241.6	12.2159
241.7	11.7176
241.8	11.2006
241.9	10.7605
242	11.2376
242.1	11.7093
242.2	12.0302
242.3	12.268
242.4	12.5012
242.5	12.682
242.6	12.988
242.7	13.6578
242.8	13.8736
242.9	13.9171
243	13.2611
243.1	12.6237
243.2	12.2082
243.3	12.0568
243.4	11.9522
243.5	11.792
243.6	11.3147
243.7	10.307
243.8	9.81554
243.9	9.60965
244	9.78358
244.1	9.99476
244.2	9.92876
244.3	10.1248
244.4	10.1353
244.5	10.0234
244.6	10.2413
244.7	10.418
244.8	10.5739
244.9	10.7171
245	10.4988
245.1	10.8279
245.2	11.7246
245.3	11.7994
245.4	12.0627
245.5	12.3544
245.6	12.5785
245.7	12.8465
245.8	13.0511
245.9	13.2618
246	13.9729
246.1	14.1358
246.2	13.813
246.3	13.5345
246.4	13.6699
246.5	13.878
246.6	14.1773
246.7	15.0737
246.8	15.8903
246.9	16.7661
247	17.0823
247.1	17.2768
247.2	17.5166
247.3	17.8075
247.4	17.7184
247.5	17.477
247.6	17.0086
247.7	16.0156
247.8	15.0442
247.9	13.9192
248	12.8469
248.1	11.953
248.2	10.9504
248.3	11.06
248.4	11.8233
248.5	12.5238
248.6	13.2246
248.7	13.8715
248.8	14.3909
248.9	14.8091
249	15.2157
249.1	15.4588
249.2	16.0812
249.3	15.9485
249.4	15.338
249.5	14.9232
249.6	14.3821
249.7	13.8511
249.8	13.3958
249.9	12.9059
250	12.3741
250.1	11.9957
250.2	11.135
250.3	10.3148
250.4	9.56111
250.5	8.82963
250.6	8.60784
250.7	9.14274
250.8	9.56137
250.9	10.0383
251	10.567
251.1	11.0268
251.2	11.3951
251.3	11.6858
251.4	11.9457
251.5	13.5662
251.6	14.9288
251.7	15.4592
251.8	15.8582
251.9	16.2897
252	16.5779
252.1	16.8798
252.2	17.0858
252.3	17.6081
252.4	18.3195
252.5	17.841
252.6	17.358
252.7	17.1328
252.8	17.0488
252.9	16.9279
253	16.896
253.1	17.6441
253.2	18.421
253.3	18.7905
253.4	18.7386
253.5	18.755
253.6	18.7216
253.7	18.5055
253.8	18.0421
253.9	17.6317
254	17.1948
254.1	15.9115
254.2	14.5673
254.3	13.1719
254.4	11.9618
254.5	10.8086
254.6	9.76974
254.7	10.687
254.8	11.9207
254.9	12.8358
255	13.486
255.1	13.9545
255.2	14.2778
255.3	14.4968
255.4	14.8176
255.5	15.1249
255.6	15.6119
255.7	14.8495
255.8	14.0268
255.9	13.2514
256	12.7507
256.1	12.4267
256.2	12.2559
256.3	12.2041
256.4	12.0687
256.5	11.9021
256.6	11.7902
256.7	12.1786
256.8	12.5152
256.9	12.7119
257	12.5126
257.1	12.1209
257.2	11.6654
257.3	11.2081
257.4	10.7338
257.5	10.3354
257.6	9.46393
257.7	8.06328
257.8	7.97372
257.9	8.14875
258	8.52545
258.1	9.0217
258.2	9.55361
258.3	10.0453
258.4	10.4796
258.5	10.8637
258.6	11.2401
258.7	11.7293
258.8	11.2455
258.9	10.5956
259	10.6716
259.1	11.0696
259.2	11.3116
259.3	11.4603
259.4	12.9786
259.5	13.5092
259.6	13.8948
259.7	14.0479
259.8	14.2607
259.9	14.4844
260	14.3275
260.1	13.9961
260.2	14.5056
260.3	15.0037
260.4	14.0949
260.5	13.7816
260.6	13.5384
260.7	13.3497
260.8	13.1086
260.9	12.9261
261	13.3546
261.1	14.1735
261.2	14.0549
261.3	13.7754
261.4	13.6924
261.5	13.7394
261.6	13.6328
261.7	13.5526
261.8	13.9767
261.9	14.1863
262	13.8632
262.1	13.2062
262.2	12.8635
262.3	13.3731
262.4	13.9246
262.5	14.4822
262.6	15.3764
262.7	16.008
262.8	16.1843
262.9	16.49
263	16.7235
263.1	17.3968
263.2	17.8551
263.3	18.162
263.4	18.1945
263.5	17.4369
263.6	16.4678
263.7	15.9653
263.8	15.5531
263.9	14.931
264	14.3539
264.1	13.2926
264.2	13.215
264.3	12.548
264.4	12.098
264.5	12.9382
264.6	13.9652
264.7	14.3364
264.8	14.4884
264.9	16.5343
265	19.6842
265.1	21.5989
265.2	22.4409
265.3	22.4878
265.4	22.4045
265.5	22.2142
265.6	21.6404
265.7	22.739
265.8	22.9016
265.9	22.0919
266	19.9936
266.1	18.3277
266.2	17.0005
266.3	16.7825
266.4	16.8132
266.5	16.8379
266.6	17.0737
266.7	15.3216
266.8	14.9223
266.9	14.2021
267	13.4703
267.1	12.9044
267.2	12.2733
267.3	13.2073
267.4	14.2487
267.5	14.8979
267.6	15.6174
267.7	16.271
267.8	16.6957
267.9	17.1621
268	17.6074
268.1	18.4914
268.2	19.4087
268.3	18.977
268.4	18.3638
268.5	17.9809
268.6	17.5876
268.7	17.143
268.8	16.8727
268.9	16.6058
269	16.4014
269.1	15.6637
269.2	14.8523
269.3	14.7372
269.4	15.4004
269.5	16.0166
269.6	16.923
269.7	18.3551
269.8	19.6923
269.9	20.8121
270	21.717
270.1	22.5132
270.2	23.1631
270.3	23.5656
270.4	23.4711
270.5	23.6936
270.6	23.9224
270.7	23.516
270.8	23.0376
270.9	22.5582
271	22.1117
271.1	21.748
271.2	21.4763
271.3	21.5444
271.4	21.5196
271.5	21.2134
271.6	20.561
271.7	20.9442
271.8	21.3571
271.9	22.005
272	22.687
272.1	24.0769
272.2	25.0705
272.3	25.536
272.4	25.9477
272.5	26.2371
272.6	26.469
272.7	25.9618
272.8	25.2564
272.9	24.1967
273	23.0395
273.1	21.0381
273.2	19.3023
273.3	17.6817
273.4	16.1627
273.5	14.7448
273.6	13.4993
273.7	13.6004
273.8	13.9619
273.9	14.6103
274	15.154
274.1	15.5799
274.2	15.9887
274.3	16.333
274.4	16.6378
274.5	16.9178
274.6	17.3092
274.7	16.5718
274.8	16.1963
274.9	15.6864
275	15.1838
275.1	14.7814
275.2	14.4551
275.3	14.1777
275.4	13.9279
275.5	13.6723
275.6	13.2805
275.7	13.2266
275.8	12.7204
275.9	12.4022
276	13.1602
276.1	13.9663
276.2	14.3541
276.3	14.7452
276.4	15.0816
276.5	15.316
276.6	15.4181
276.7	15.451
276.8	15.777
276.9	16.3296
277	16.1073
277.1	15.6049
277.2	15.2792
277.3	15.1439
277.4	14.9925
277.5	14.9596
277.6	16.0808
277.7	16.9147
277.8	17.3714
277.9	17.2913
278	17.2707
278.1	17.203
278.2	16.9996
278.3	16.8797
278.4	18.3071
278.5	18.4551
278.6	17.6071
278.7	16.8057
278.8	16.1596
278.9	15.7965
279	15.3871
279.1	15.1293
279.2	15.1019
279.3	14.8816
279.4	12.8128
279.5	12.2916
279.6	11.7202
279.7	11.2642
279.8	10.7309
279.9	10.4167
280	10.6393
280.1	10.7659
280.2	10.7907
280.3	10.7371
280.4	10.6091
280.5	10.4988
280.6	10.4672
280.7	10.5548
280.8	11.8602
280.9	12.7574
281	12.9523
281.1	13.2684
281.2	13.8676
281.3	14.1557
281.4	14.4173
281.5	14.6423
281.6	14.8612
281.7	15.0055
281.8	14.2567
281.9	13.5861
282	13.1879
282.1	12.9399
282.2	12.3238
282.3	12.3497
282.4	12.1295
282.5	11.6823
282.6	11.2421
282.7	10.8439
282.8	10.5093
282.9	10.2196
283	9.86767
283.1	9.66567
283.2	10.1557
283.3	10.2959
283.4	10.6765
283.5	11.1784
283.6	11.6305
283.7	11.9747
283.8	12.243
283.9	12.4122
284	12.9401
284.1	13.1902
284.2	13.0513
284.3	13.0007
284.4	13.2763
284.5	13.8073
284.6	14.2249
284.7	15.8248
284.8	16.6705
284.9	17.5283
285	18.177
285.1	18.7044
285.2	19.1367
285.3	19.4329
285.4	19.4839
285.5	19.1756
285.6	18.9268
285.7	17.7104
285.8	16.999
285.9	16.2348
286	15.249
286.1	14.3175
286.2	13.4359
286.3	12.8558
286.4	12.4998
286.5	12.4668
286.6	12.4158
286.7	12.2863
286.8	12.0783
286.9	11.8329
287	11.6649
287.1	12.1132
287.2	12.5262
287.3	12.4039
287.4	12.0736
287.5	11.9511
287.6	12.4753
287.7	13.1953
287.8	13.9516
287.9	14.7233
288	15.5343
288.1	15.8443
288.2	16.198
288.3	16.6383
288.4	16.7329
288.5	16.7271
288.6	16.2021
288.7	15.6929
288.8	14.8574
288.9	13.9709
289	12.9908
289.1	11.939
289.2	10.7548
289.3	9.51278
289.4	8.94433
289.5	9.01147
289.6	9.5375
289.7	9.65265
289.8	10.4386
289.9	11.399
290	11.8191
290.1	12.153
290.2	12.4542
290.3	12.7942
290.4	13.1316
290.5	13.0593
290.6	12.9764
290.7	13.0413
290.8	13.2523
290.9	13.2438
291	14.6736
291.1	17.5693
291.2	19.1463
291.3	20.3233
291.4	21.3262
291.5	22.1374
291.6	22.6892
291.7	23.0706
291.8	23.195
291.9	22.9647
292	21.9202
292.1	19.5598
292.2	17.8899
292.3	16.3963
292.4	14.8232
292.5	13.2518
292.6	11.8399
292.7	12.5655
292.8	13.0838
292.9	13.9786
293	15.0363
293.1	15.7952
293.2	16.3743
293.3	16.9988
293.4	17.5491
293.5	17.9786
293.6	18.323
293.7	17.282
293.8	16.4521
293.9	16.0829
294	15.9334
294.1	16.0128
294.2	16.2248
294.3	16.3459
294.4	16.5044
294.5	16.7648
294.6	17.1082
294.7	16.9978
294.8	16.6114
294.9	15.964
295	16.0841
295.1	16.6102
295.2	16.7208
295.3	16.7527
295.4	16.9005
295.5	16.9237
295.6	16.6304
295.7	16.8704
295.8	18.367
295.9	20.5485
296	21.5949
296.1	22.1115
296.2	22.7783
296.3	23.2746
296.4	23.673
296.5	24.024
296.6	23.8055
296.7	23.4156
296.8	22.2332
296.9	20.1752
297	18.2261
297.1	16.4172
297.2	14.5837
297.3	12.9689
297.4	12.5448
297.5	13.4216
297.6	14.3012
297.7	15.423
297.8	16.3474
297.9	17.2355
298	17.9521
298.1	18.3985
298.2	19.2731
298.3	20.3592
298.4	20.5016
298.5	19.8618
298.6	19.8322
298.7	19.643
298.8	19.526
298.9	19.2898
299	19.1998
299.1	19.6436
299.2	19.402
299.3	18.9095
299.4	18.4333
299.5	18.0543
299.6	17.8484
299.7	17.6688
299.8	17.9352
299.9	18.735
300	18.8399
300.1	18.3581
300.2	18.438
300.3	19.0792
300.4	19.742
300.5	20.4623
300.6	21.0707
300.7	21.6688
300.8	21.946
300.9	21.6703
301	21.8317
301.1	22.7087
301.2	23.2403
301.3	23.0694
301.4	22.4064
301.5	21.3845
301.6	20.4289
301.7	19.5588
301.8	18.5751
301.9	17.7414
302	16.8759
302.1	15.1667
302.2	14.2391
302.3	13.7205
302.4	13.8448
302.5	14.3851
302.6	14.7935
302.7	15.1132
302.8	15.4849
302.9	15.7444
303	15.9505
303.1	16.0166
303.2	15.3219
303.3	14.4458
303.4	14.1835
303.5	14.0129
303.6	13.7643
303.7	13.7837
303.8	16.4357
303.9	17.3178
304	18.5849
304.1	19.4084
304.2	20.3372
304.3	20.9661
304.4	21.0783
304.5	20.9193
304.6	21.188
304.7	21.1462
304.8	19.145
304.9	18.3079
305	17.4322
305.1	17.078
305.2	16.3057
305.3	16.1444
305.4	16.6036
305.5	16.8852
305.6	16.5741
305.7	16.8109
305.8	16.7059
305.9	17.2762
306	17.5236
306.1	17.7416
306.2	18.4245
306.3	18.4777
306.4	18.0931
306.5	18.1132
306.6	18.3485
306.7	17.9909
306.8	17.984
306.9	17.3681
307	16.6236
307.1	15.8198
307.2	14.6241
307.3	14.19
307.4	14.6498
307.5	14.8897
307.6	14.8235
307.7	16.6466
307.8	18.1449
307.9	19.2463
308	20.0384
308.1	20.5185
308.2	21.0794
308.3	21.2002
308.4	20.8571
308.5	21.5799
308.6	22.4188
308.7	21.8568
308.8	21.2151
308.9	20.9453
309	20.6632
309.1	20.5796
309.2	20.3697
309.3	20.4564
309.4	20.5372
309.5	19.4844
309.6	18.2131
309.7	17.729
309.8	18.4213
309.9	18.6686
310	18.8116
310.1	19.9772
310.2	20.2977
310.3	20.2123
310.4	20.0488
310.5	22.0151
310.6	23.7057
310.7	24.5395
310.8	24.547
310.9	24.46
311	24.1774
311.1	23.0898
311.2	22.577
311.3	23.8134
311.4	25.1059
311.5	24.2364
311.6	23.5948
311.7	24.3847
311.8	24.9911
311.9	25.6825
312	26.7565
312.1	27.6184
312.2	28.1526
312.3	27.3979
312.4	26.4077
312.5	26.3021
312.6	25.6874
312.7	23.871
312.8	22.0889
312.9	21.7135
313	20.9821
313.1	20.2638
313.2	19.8307
313.3	21.8926
313.4	23.2118
313.5	23.8782
313.6	24.7136
313.7	26.6769
313.8	27.2964
313.9	26.788
314	26.5609
314.1	28.3227
314.2	28.8636
314.3	27.3538
314.4	26.45
314.5	26.5948
314.6	26.9454
314.7	25.9262
314.8	27.0053
314.9	28.5166
315	28.629
315.1	26.7661
315.2	26.7649
315.3	27.4807
315.4	28.0224
315.5	27.442
315.6	27.966
315.7	28.9458
315.8	28.1336
315.9	26.5931
316	27.8595
316.1	28.9372
316.2	29.0507
316.3	28.4012
316.4	27.8367
316.5	28.6789
316.6	27.6634
316.7	26.3899
316.8	25.9619
316.9	25.9479
317	24.3862
317.1	22.9887
317.2	22.1102
317.3	21.4943
317.4	20.7955
317.5	18.1828
317.6	16.7414
317.7	15.336
317.8	14.3603
317.9	13.3195
318	14.0626
318.1	16.1419
318.2	17.776
318.3	19.1589
318.4	20.2906
318.5	21.1109
318.6	21.6497
318.7	22.1341
318.8	22.5316
318.9	23.6518
319	23.8017
319.1	23.1276
319.2	22.839
319.3	22.3888
319.4	22.1712
319.5	22.0864
319.6	22.6855
319.7	23.7807
319.8	24.8531
319.9	25.2188
320	25.2504
320.1	25.2334
320.2	25.0111
320.3	25.0345
320.4	25.2001
320.5	25.4157
320.6	25.2014
320.7	24.4168
320.8	23.5088
320.9	22.4508
321	21.603
321.1	20.7267
321.2	20.2356
321.3	19.8877
321.4	19.3248
321.5	18.9008
321.6	18.7176
321.7	18.6265
321.8	18.5311
321.9	18.5988
322	19.0923
322.1	19.8522
322.2	20.2067
322.3	20.3785
322.4	20.4933
322.5	20.5667
322.6	20.2749
322.7	20.0401
322.8	20.6173
322.9	21.1866
323	21.4126
323.1	21.4729
323.2	21.399
323.3	21.4274
323.4	21.4745
323.5	21.3865
323.6	21.6539
323.7	22.2137
323.8	21.9889
323.9	21.6228
324	21.1194
324.1	20.5973
324.2	20.1191
324.3	19.6227
324.4	20.3444
324.5	21.0146
324.6	21.1808
324.7	21.1176
324.8	21.1945
324.9	21.3019
325	21.4969
325.1	21.5288
325.2	21.4693
325.3	21.3217
325.4	20.0994
325.5	19.0145
325.6	18.2823
325.7	17.2084
325.8	16.1974
325.9	15.2786
326	15.9177
326.1	16.5544
326.2	17.409
326.3	18.3665
326.4	19.1508
326.5	19.8335
326.6	20.4088
326.7	21.0945
326.8	21.72
326.9	21.9276
327	21.1753
327.1	20.5584
327.2	19.8545
327.3	19.1484
327.4	18.4597
327.5	17.7853
327.6	17.98
327.7	17.799
327.8	17.5167
327.9	17.6046
328	17.5648
328.1	17.5237
328.2	17.4239
328.3	17.6487
328.4	18.5788
328.5	19.1615
328.6	18.7691
328.7	18.8757
328.8	18.8285
328.9	18.4643
329	18.3788
329.1	18.7653
329.2	19.4839
329.3	19.1962
329.4	18.1899
329.5	17.4251
329.6	16.7729
329.7	16.0098
329.8	15.4693
329.9	15.345
330	14.9988
330.1	14.0477
330.2	12.6856
330.3	12.2795
330.4	11.9221
330.5	11.689
330.6	11.5176
330.7	12.3447
330.8	13.5003
330.9	14.3414
331	14.9702
331.1	15.4861
331.2	15.939
331.3	16.4322
331.4	16.9039
331.5	17.315
331.6	17.6338
331.7	17.0891
331.8	16.2326
331.9	15.633
332	15.0573
332.1	14.4556
332.2	13.8699
332.3	14.5281
332.4	15.8131
332.5	16.83
332.6	17.4761
332.7	18.2011
332.8	18.8076
332.9	19.2445
333	19.7098
333.1	20.3034
333.2	20.8966
333.3	20.414
333.4	19.3518
333.5	18.4042
333.6	17.7392
333.7	17.0637
333.8	16.4415
333.9	16.6869
334	16.6575
334.1	16.4551
334.2	16.2001
334.3	16.1448
334.4	16.1342
334.5	16.2169
334.6	16.3595
334.7	16.6704
334.8	17.1186
334.9	16.6608
335	16.5074
335.1	16.5561
335.2	16.3991
335.3	16.2371
335.4	15.9874
335.5	17.9544
335.6	18.9099
335.7	19.3325
335.8	19.5707
335.9	19.9892
336	20.2411
336.1	20.2617
336.2	20.4726
336.3	20.6403
336.4	20.8392
336.5	18.9856
336.6	17.7907
336.7	17.0539
336.8	16.3597
336.9	15.4773
337	14.7483
337.1	15.9575
337.2	16.2851
337.3	16.7102
337.4	17.1665
337.5	17.7276
337.6	18.3417
337.7	18.7986
337.8	19.2027
337.9	19.6804
338	20.1715
338.1	19.362
338.2	19.1217
338.3	18.9931
338.4	18.7193
338.5	18.2152
338.6	17.6899
338.7	18.3107
338.8	18.3883
338.9	18.3713
339	18.3333
339.1	18.2396
339.2	18.2275
339.3	18.1493
339.4	18.3082
339.5	18.4931
339.6	18.4153
339.7	17.1772
339.8	16.4968
339.9	15.8463
340	15.1915
340.1	14.4653
340.2	14.0619
340.3	14.4492
340.4	14.5644
340.5	14.7647
340.6	15.2198
340.7	15.6542
340.8	15.918
340.9	16.128
341	16.2957
341.1	16.7181
341.2	16.5689
341.3	15.7112
341.4	15.0021
341.5	14.5141
341.6	13.9407
341.7	13.3673
341.8	14.4786
341.9	15.8359
342	16.7156
342.1	17.3782
342.2	18.1784
342.3	18.763
342.4	19.3297
342.5	19.6867
342.6	20.2251
342.7	21.1721
342.8	21.2058
342.9	20.9777
343	20.7653
343.1	20.4192
343.2	20.0306
343.3	19.8583
343.4	19.834
343.5	20.6524
343.6	21.4312
343.7	21.7519
343.8	21.8471
343.9	21.7547
344	21.9791
344.1	22.3675
344.2	22.73
344.3	22.6286
344.4	22.2942
344.5	21.348
344.6	20.2941
344.7	19.4224
344.8	18.6757
344.9	18.2053
345	17.5629
345.1	16.8329
345.2	16.3615
345.3	16.4329
345.4	16.5294
345.5	17.1637
345.6	17.6346
345.7	17.9025
345.8	19.4079
345.9	20.3156
346	21.2159
346.1	21.898
346.2	22.2899
346.3	22.5919
346.4	22.9441
346.5	22.7313
346.6	23.4232
346.7	24.1649
346.8	23.5242
346.9	23.185
347	22.7301
347.1	22.514
347.2	22.3621
347.3	22.0534
347.4	21.8129
347.5	21.7857
347.6	20.7821
347.7	19.7241
347.8	19.6942
347.9	20.1264
348	20.8261
348.1	21.0291
348.2	22.8606
348.3	23.7198
348.4	24.3986
348.5	24.9364
348.6	25.4144
348.7	25.7505
348.8	25.7158
348.9	25.3013
349	26.0568
349.1	27.1061
349.2	26.6764
349.3	26.9079
349.4	27.2322
349.5	27.4955
349.6	27.6446
349.7	27.6341
349.8	28.6339
349.9	29.5903
350	29.0714
350.1	28.3317
350.2	27.4127
350.3	26.7044
350.4	25.9134
350.5	25.0926
350.6	24.9731
350.7	24.9373
350.8	23.5113
350.9	22.1978
351	21.6834
351.1	21.2379
351.2	21.2726
351.3	21.4097
351.4	21.6148
351.5	21.9462
351.6	21.6784
351.7	21.6729
351.8	22.0213
351.9	22.4897
352	22.3651
352.1	22.5881
352.2	23.4443
352.3	23.7907
352.4	24.0818
352.5	24.2054
352.6	24.2642
352.7	24.1805
352.8	23.9829
352.9	23.7405
353	24.2188
353.1	24.1856
353.2	23.364
353.3	22.9115
353.4	22.4613
353.5	22.0116
353.6	21.7557
353.7	21.7379
353.8	22.5081
353.9	22.9534
354	22.7705
354.1	22.5081
354.2	21.9965
354.3	21.6128
354.4	21.1526
354.5	22.0925
354.6	23.1021
354.7	23.7399
354.8	23.4383
354.9	23.2128
355	22.9787
355.1	22.8621
355.2	23.1503
355.3	23.2412
355.4	23.5624
355.5	22.7295
355.6	21.5597
355.7	20.5682
355.8	19.6627
355.9	18.9006
356	18.1923
356.1	18.178
356.2	19.611
356.3	20.2825
356.4	20.5076
356.5	20.5674
356.6	20.5845
356.7	20.4494
356.8	20.3816
356.9	20.6635
357	21.2262
357.1	21.2432
357.2	19.9188
357.3	19.408
357.4	19.4119
357.5	19.6096
357.6	19.9757
357.7	20.3068
357.8	20.5716
357.9	20.4047
358	20.085
358.1	19.7996
358.2	19.2313
358.3	18.6183
358.4	17.7752
358.5	18.0311
358.6	18.4303
358.7	18.8622
358.8	19.3024
358.9	19.5147
359	19.4702
359.1	19.4841
359.2	19.7686
359.3	20.9028
359.4	22.0245
359.5	21.8878
359.6	21.1976
359.7	20.3806
359.8	19.5316
359.9	18.9172
360	18.4467
360.1	18.7461
360.2	19.3103
360.3	18.713
360.4	17.927
360.5	18.0291
360.6	18.5105
360.7	19.3545
360.8	20.2466
360.9	21.5634
361	22.44
361.1	22.7174
361.2	22.6756
361.3	22.2992
361.4	21.8852
361.5	20.9905
361.6	20.1733
361.7	19.24
361.8	18.1694
361.9	16.4494
362	15.1719
362.1	13.8802
362.2	12.7189
362.3	12.4628
362.4	12.9094
362.5	13.5443
362.6	14.0415
362.7	14.3068
362.8	14.524
362.9	14.9728
363	15.4653
363.1	15.9535
363.2	16.151
363.3	16.9792
363.4	17.2234
363.5	17.1322
363.6	16.8234
363.7	17.5057
363.8	18.0817
363.9	18.5148
364	18.9144
364.1	18.7277
364.2	18.7772
364.3	18.2659
364.4	17.8973
364.5	19.0819
364.6	20.112
364.7	20.2475
364.8	20.753
364.9	21.7105
365	22.1148
365.1	22.7888
365.2	23.1107
365.3	23.8469
365.4	24.353
365.5	23.6689
365.6	23.7847
365.7	25.473
365.8	26.279
365.9	26.4164
366	26.5958
366.1	27.328
366.2	28.2016
366.3	28.4164
366.4	28.3871
366.5	29.39
366.6	29.4554
366.7	28.0637
366.8	26.9451
366.9	26.5823
367	26.1144
367.1	25.0492
367.2	26.7186
367.3	28.5941
367.4	30.6794
367.5	31.8696
367.6	32.9435
367.7	34.0988
367.8	35.2865
367.9	35.8246
368	36.5647
368.1	37.0332
368.2	35.376
368.3	33.5949
368.4	31.7376
368.5	29.6763
368.6	27.9239
368.7	25.9998
368.8	24.5079
368.9	23.4449
369	22.466
369.1	21.952
369.2	21.6601
369.3	21.5899
369.4	21.4524
369.5	21.2385
369.6	21.2866
369.7	21.1171
369.8	20.3185
369.9	19.1749
370	18.0461
370.1	17.2619
370.2	16.7244
370.3	15.9662
370.4	15.4005
370.5	14.9796
370.6	14.4277
370.7	14.4717
370.8	15.1496
370.9	15.6227
371	16.1167
371.1	16.6039
371.2	18.0658
371.3	18.8812
371.4	19.7864
371.5	20.5494
371.6	21.2861
371.7	21.777
371.8	21.8607
371.9	22.0464
372	23.8143
372.1	24.6787
372.2	24.8771
372.3	25.1759
372.4	25.2216
372.5	25.1411
372.6	24.9667
372.7	24.9392
372.8	24.8908
372.9	24.9254
373	23.3776
373.1	22.3975
373.2	21.3392
373.3	20.8126
373.4	20.3529
373.5	20.3947
373.6	21.1774
373.7	20.9832
373.8	20.9912
373.9	20.8254
374	20.6136
374.1	20.4183
374.2	20.1242
374.3	19.5164
374.4	19.2065
374.5	18.7143
374.6	17.3326
374.7	17.0689
374.8	16.6784
374.9	16.3612
375	16.1448
375.1	15.914
375.2	16.6955
375.3	16.6921
375.4	16.4704
375.5	16.0736
375.6	15.8204
375.7	15.4293
375.8	15.0555
375.9	14.7774
376	15.4004
376.1	15.4863
376.2	14.4589
376.3	14.3607
376.4	14.1373
376.5	14.1083
376.6	14.3407
376.7	14.7546
376.8	14.9479
376.9	15.1117
377	14.4275
377.1	14.4321
377.2	14.4735
377.3	14.3431
377.4	14.476
377.5	14.8707
377.6	14.9488
377.7	14.9431
377.8	15.0092
377.9	14.9188
378	14.8133
378.1	14.5368
378.2	14.2881
378.3	15.374
378.4	16.1397
378.5	16.4419
378.6	16.5103
378.7	16.7271
378.8	17.0211
378.9	17.4233
379	17.7498
379.1	18.2626
379.2	19.8679
379.3	20.4153
379.4	20.8188
379.5	21.296
379.6	21.6809
379.7	21.8537
379.8	21.8384
379.9	22.3419
380	22.2843
380.1	22.0527
380.2	20.8106
380.3	19.4736
380.4	18.3305
380.5	17.1168
380.6	16.1169
380.7	15.3037
380.8	14.6403
380.9	13.2509
381	12.6942
381.1	12.276
381.2	11.9538
381.3	11.8406
381.4	11.588
381.5	11.9551
381.6	12.644
381.7	13.2393
381.8	13.6821
381.9	14.0974
382	14.675
382.1	15.1707
382.2	15.6004
382.3	16.456
382.4	17.1735
382.5	17.1621
382.6	16.9574
382.7	16.847
382.8	16.7704
382.9	16.5699
383	16.2342
383.1	15.9995
383.2	15.6871
383.3	14.9409
383.4	14.2484
383.5	14.3129
383.6	14.262
383.7	13.9502
383.8	13.9062
383.9	14.5106
384	14.4092
384.1	14.1564
384.2	14.0879
384.3	13.9476
384.4	13.9289
384.5	13.4561
384.6	13.4236
384.7	14.2795
384.8	14.6471
384.9	14.2549
385	14.4842
385.1	14.7638
385.2	15.0175
385.3	15.2034
385.4	15.3137
385.5	15.4077
385.6	15.4875
385.7	14.7839
385.8	14.5367
385.9	14.4193
386	14.3253
386.1	14.1747
386.2	15.0363
386.3	15.5182
386.4	16.0474
386.5	16.4569
386.6	16.4434
386.7	16.6234
386.8	16.7148
386.9	16.856
387	17.0576
387.1	17.0755
387.2	16.262
387.3	15.7893
387.4	15.2489
387.5	14.7231
387.6	14.4768
387.7	14.0638
387.8	14.2281
387.9	14.3243
388	14.5599
388.1	14.692
388.2	14.7391
388.3	14.8636
388.4	15.0981
388.5	15.4078
388.6	16.2465
388.7	16.8686
388.8	16.8816
388.9	16.9419
389	16.9225
389.1	17.5378
389.2	18.0268
389.3	18.3527
389.4	18.7176
389.5	19.0172
389.6	18.7675
389.7	18.6675
389.8	18.7608
389.9	19.0176
390	19.1818
390.1	19.1193
390.2	19.2115
390.3	19.3498
390.4	19.2866
390.5	19.4036
390.6	19.4436
390.7	19.5248
390.8	19.4281
390.9	19.0548
391	19.6045
391.1	20.2521
391.2	20.4843
391.3	20.6589
391.4	20.9389
391.5	21.6786
391.6	22.398
391.7	22.927
391.8	23.286
391.9	23.5396
392	23.0632
392.1	22.5616
392.2	22.5964
392.3	22.6421
392.4	22.664
392.5	21.9142
392.6	22.1362
392.7	21.8447
392.8	21.6758
392.9	21.5211
393	21.501
393.1	21.1351
393.2	20.5012
393.3	19.9577
393.4	19.5541
393.5	19.4403
393.6	18.1736
393.7	17.6844
393.8	17.2911
393.9	17.2054
394	17.0068
394.1	17.0452
394.2	17.6181
394.3	18.034
394.4	17.9913
394.5	17.8664
394.6	17.8363
394.7	17.7989
394.8	17.7177
394.9	17.5843
395	18.017
395.1	18.3854
395.2	17.8484
395.3	17.3645
395.4	17.1663
395.5	17.1173
395.6	17.075
395.7	17.1362
395.8	17.1083
395.9	17.0564
396	16.302
396.1	15.9673
396.2	16.2674
396.3	16.7147
396.4	16.9048
396.5	17.4538
396.6	17.5965
396.7	17.8481
396.8	18.1029
396.9	18.5337
397	18.9994
397.1	19.136
397.2	19.0991
397.3	19.7317
397.4	20.1528
397.5	20.2515
397.6	20.5693
397.7	20.6383
397.8	20.8082
397.9	20.6855
398	20.5299
398.1	20.3332
398.2	20.4445
398.3	19.8644
398.4	19.5005
398.5	18.9141
398.6	18.1657
398.7	17.4272
398.8	16.7117
398.9	16.5514
399	17.6851
399.1	18.2053
399.2	18.1161
399.3	17.9431
399.4	17.9007
399.5	17.8896
399.6	18.2061
399.7	18.6111
399.8	19.3268
399.9	19.4921
400	18.2739
400.1	17.5971
400.2	17.2513
400.3	16.9004
400.4	16.5589
400.5	16.4739
400.6	17.2705
400.7	17.69
400.8	17.2904
400.9	17.0012
401	17.1088
401.1	17.2429
401.2	17.2384
401.3	17.2332
401.4	17.6945
401.5	17.6719
401.6	16.6493
401.7	16.0074
401.8	16.4006
401.9	16.9425
402	17.5742
402.1	17.9383
402.2	18.3145
402.3	18.717
402.4	18.6046
402.5	19.0521
402.6	20.0382
402.7	20.7101
402.8	20.7582
402.9	20.8901
403	20.889
403.1	21.0203
403.2	21.1891
403.3	21.304
403.4	21.4732
403.5	21.4189
403.6	20.9735
403.7	21.1835
403.8	22.0167
403.9	22.6788
404	23.1428
404.1	23.4422
404.2	23.5644
404.3	23.7026
404.4	23.7868
404.5	23.7815
404.6	24.4437
404.7	24.5392
404.8	24.1793
404.9	23.846
405	23.5198
405.1	22.8079
405.2	22.3165
405.3	22.9763
405.4	23.2614
405.5	23.5568
405.6	23.1032
405.7	22.6731
405.8	22.0615
405.9	21.4161
406	20.714
406.1	20.8607
406.2	20.8972
406.3	19.63
406.4	18.6618
406.5	17.9545
406.6	17.4005
406.7	16.7945
406.8	16.4016
406.9	17.3527
407	17.4056
407.1	16.9608
407.2	16.6214
407.3	16.7343
407.4	17.1129
407.5	17.0403
407.6	16.9805
407.7	18.1071
407.8	18.3534
407.9	17.0189
408	16.9327
408.1	17.5176
408.2	17.8288
408.3	17.6171
408.4	17.548
408.5	17.8492
408.6	17.9632
408.7	16.7645
408.8	16.6753
408.9	17.1771
409	17.188
409.1	16.4975
409.2	16.2197
409.3	16.8158
409.4	16.5977
409.5	16.0624
409.6	15.7777
409.7	15.9422
409.8	16.2447
409.9	16.1206
410	16.6391
410.1	18.6674
410.2	18.9759
410.3	18.6733
410.4	18.9953
410.5	19.2966
410.6	19.2875
410.7	19.0646
410.8	19.0455
410.9	19.3733
411	19.043
411.1	17.3523
411.2	17.8701
411.3	18.6703
411.4	18.8986
411.5	19.0552
411.6	20.7769
411.7	21.6524
411.8	21.5458
411.9	21.1533
412	22.9021
412.1	24.2356
412.2	24.5389
412.3	24.3866
412.4	24.6543
412.5	25.6475
412.6	25.2276
412.7	25.2473
412.8	27.4543
412.9	28.1477
413	26.915
413.1	25.7872
413.2	26.5831
413.3	26.6338
413.4	26.1888
413.5	25.0863
413.6	25.1109
413.7	24.7521
413.8	22.3004
413.9	21.3436
414	23.1963
414.1	24.0807
414.2	22.689
414.3	22.0768
414.4	23.9046
414.5	24.5662
414.6	24.7728
414.7	25.2083
414.8	25.8633
414.9	27.0267
415	26.0267
415.1	26.118
415.2	26.3754
415.3	26.6829
415.4	24.7418
415.5	23.5638
415.6	21.7842
415.7	20.3869
415.8	18.7278
415.9	16.3166
416	14.1168
416.1	11.1771
416.2	8.32942
416.3	4.9787
416.4	2.72078
416.5	2.02312
416.6	1.84914
416.7	1.69333
416.8	1.60643
416.9	1.51453
417	1.4011
417.1	1.32369
417.2	1.24686
417.3	1.17512
417.4	1.09658
417.5	1.04829
417.6	0.981009
417.7	0.938154
417.8	0.865292
417.9	0.805223
418	0.758145
418.1	0.715079
418.2	0.667573
418.3	0.633962
418.4	0.609533
418.5	0.565209
418.6	0.528457
418.7	0.488446
418.8	0.457844
418.9	0.426757
419	0.400216
419.1	0.374033
419.2	0.351217
419.3	0.32987
419.4	0.307745
419.5	0.286445
419.6	0.267351
419.7	0.250302
419.8	0.232548
419.9	0.21782
420	0.198857
420.1	0.185803
420.2	0.172416
420.3	0.160095
420.4	0.14893
420.5	0.139775
420.6	0.129131
420.7	0.119537
420.8	0.109218
420.9	0.157017
421	0.283788
421.1	0.363351
421.2	0.423306
421.3	0.470693
421.4	0.510365
421.5	0.544351
421.6	0.573397
421.7	0.597885
421.8	0.618164
421.9	0.622959
422	0.590713
422.1	0.559272
422.2	0.529036
422.3	0.50396
422.4	0.536043
422.5	0.566883
422.6	0.594182
422.7	0.61844
422.8	0.642073
422.9	0.666059
423	0.68731
423.1	0.7071
423.2	0.725612
423.3	0.741311
423.4	0.71703
423.5	0.69141
423.6	0.667407
423.7	0.644778
423.8	0.663229
423.9	0.68385
424	0.704648
424.1	0.720596
424.2	0.733471
424.3	0.74425
424.4	0.752589
424.5	0.759414
424.6	0.763977
424.7	0.767877
424.8	0.736899
424.9	0.700847
425	0.663359
425.1	0.628788
425.2	0.761018
425.3	1.07478
425.4	1.29661
425.5	1.47062
425.6	1.61597
425.7	1.74152
425.8	1.84815
425.9	1.94256
426	2.02757
426.1	2.10395
426.2	2.12042
426.3	2.03938
426.4	1.96471
426.5	1.89721
426.6	1.94983
426.7	2.0745
426.8	2.18653
426.9	2.29063
427	2.38579
427.1	2.46866
427.2	2.53828
427.3	2.59898
427.4	2.65596
427.5	2.70578
427.6	2.66562
427.7	2.56814
427.8	2.47526
427.9	2.36785
428	2.43284
428.1	2.62514
428.2	2.80165
428.3	2.95757
428.4	3.08226
428.5	3.19314
428.6	3.29925
428.7	3.39292
428.8	3.47508
428.9	3.55542
429	3.51172
429.1	3.3732
429.2	3.233
429.3	3.08587
429.4	3.13645
429.5	3.21925
429.6	3.29372
429.7	3.3617
429.8	3.42124
429.9	3.46762
430	3.50915
430.1	3.54563
430.2	3.5784
430.3	3.61188
430.4	3.48418
430.5	3.3258
430.6	3.16883
430.7	2.99521
430.8	2.98414
430.9	3.15339
431	3.29906
431.1	3.41589
431.2	3.51122
431.3	3.60155
431.4	3.68062
431.5	3.7502
431.6	3.8116
431.7	3.88426
431.8	3.83478
431.9	3.64758
432	3.46499
432.1	3.29097
432.2	3.31994
432.3	3.39423
432.4	3.4634
432.5	3.50682
432.6	3.54488
432.7	3.57562
432.8	3.59796
432.9	3.60959
433	3.62326
433.1	3.63867
433.2	3.48045
433.3	3.27105
433.4	3.06384
433.5	2.88368
433.6	2.68948
433.7	2.83081
433.8	2.95756
433.9	3.0708
434	3.16396
434.1	3.24325
434.2	3.31665
434.3	3.38869
434.4	3.45473
434.5	3.51386
434.6	3.58424
434.7	3.39797
434.8	3.21855
434.9	3.05442
435	2.90385
435.1	2.93417
435.2	3.00826
435.3	3.0591
435.4	3.10004
435.5	3.14015
435.6	3.16757
435.7	3.1832
435.8	3.1961
435.9	3.20898
436	3.21865
436.1	3.06925
436.2	2.87712
436.3	2.70951
436.4	2.5433
436.5	2.53883
436.6	2.9387
436.7	3.25363
436.8	3.49578
436.9	3.69407
437	3.8699
437.1	4.02446
437.2	4.15546
437.3	4.27095
437.4	4.38154
437.5	4.39124
437.6	4.14455
437.7	3.91792
437.8	3.72119
437.9	3.62861
438	3.81803
438.1	3.99168
438.2	4.15704
438.3	4.3032
438.4	4.4278
438.5	4.53216
438.6	4.62184
438.7	4.70589
438.8	4.77335
438.9	4.76377
439	4.54055
439.1	4.3213
439.2	4.09445
439.3	3.99953
439.4	4.14922
439.5	4.2835
439.6	4.3861
439.7	4.4733
439.8	4.55998
439.9	4.6347
440	4.69234
440.1	4.74864
440.2	4.8112
440.3	4.76205
440.4	4.51028
440.5	4.277
440.6	4.07447
440.7	3.86554
440.8	4.07349
440.9	4.27786
441	4.47399
441.1	4.65425
441.2	4.80287
441.3	4.9358
441.4	5.0627
441.5	5.17194
441.6	5.26223
441.7	5.35538
441.8	5.14164
441.9	4.92193
442	4.68793
442.1	4.52921
442.2	4.54085
442.3	4.55001
442.4	4.54473
442.5	4.53249
442.6	4.52063
442.7	4.50973
442.8	4.49489
442.9	4.47476
443	4.4316
443.1	4.30988
443.2	4.01696
443.3	3.68963
443.4	3.36726
443.5	3.05844
443.6	3.02457
443.7	3.01943
443.8	3.02815
443.9	3.04793
444	3.12196
444.1	3.1876
444.2	3.25023
444.3	3.35176
444.4	3.43993
444.5	3.51413
444.6	3.361
444.7	3.18719
444.8	3.00048
444.9	2.98901
445	3.20525
445.1	3.38324
445.2	3.54041
445.3	3.68237
445.4	3.81285
445.5	3.92925
445.6	4.03944
445.7	4.14182
445.8	4.24313
445.9	4.22219
446	4.03414
446.1	3.86498
446.2	3.71348
446.3	3.57295
446.4	3.5168
446.5	3.74313
446.6	3.93068
446.7	4.09327
446.8	4.23
446.9	4.34364
447	4.43355
447.1	4.51003
447.2	4.56588
447.3	4.61556
447.4	4.59627
447.5	4.35207
447.6	4.11648
447.7	3.88746
447.8	3.64079
447.9	3.52423
448	3.48491
448.1	3.45128
448.2	3.42739
448.3	3.40272
448.4	3.38501
448.5	3.37231
448.6	3.36743
448.7	3.36556
448.8	3.39577
448.9	3.30638
449	3.1618
449.1	3.02098
449.2	3.09167
449.3	3.27305
449.4	3.418
449.5	3.54887
449.6	3.65862
449.7	3.75183
449.8	3.82861
449.9	3.89377
450	3.94762
450.1	3.99791
450.2	3.88899
450.3	3.68183
450.4	3.49362
450.5	3.29446
450.6	3.08669
450.7	3.18766
450.8	3.2773
450.9	3.35921
451	3.43621
451.1	3.50869
451.2	3.58031
451.3	3.64911
451.4	3.71305
451.5	3.78388
451.6	3.86281
451.7	3.6972
451.8	3.54618
451.9	3.4109
452	3.28703
452.1	3.51193
452.2	3.7098
452.3	3.87743
452.4	4.0247
452.5	4.14776
452.6	4.25005
452.7	4.33061
452.8	4.39544
452.9	4.4425
453	4.47807
453.1	4.24674
453.2	4.01713
453.3	3.77533
453.4	3.62561
453.5	3.74131
453.6	3.83507
453.7	3.92602
453.8	4.0067
453.9	4.08874
454	4.16982
454.1	4.24796
454.2	4.32163
454.3	4.41062
454.4	4.42615
454.5	4.23141
454.6	4.06179
454.7	3.89873
454.8	3.98347
454.9	4.37118
455	4.68496
455.1	4.93971
455.2	5.1427
455.3	5.31371
455.4	5.45627
455.5	5.57363
455.6	5.6636
455.7	5.74611
455.8	5.65688
455.9	5.32612
456	5.00868
456.1	4.69728
456.2	4.6793
456.3	4.97092
456.4	5.22039
456.5	5.44018
456.6	5.63638
456.7	5.82127
456.8	5.98871
456.9	6.15117
457	6.30421
457.1	6.45491
457.2	6.40422
457.3	6.12667
457.4	5.87038
457.5	5.63969
457.6	5.43889
457.7	5.27999
457.8	5.52409
457.9	5.7068
458	5.84918
458.1	5.96257
458.2	6.05942
458.3	6.13265
458.4	6.19639
458.5	6.24188
458.6	6.27164
458.7	6.26228
458.8	5.908
458.9	5.58058
459	5.27411
459.1	4.94814
459.2	4.90742
459.3	5.10859
459.4	5.27749
459.5	5.42137
459.6	5.56337
459.7	5.69017
459.8	5.81204
459.9	5.92504
460	6.03598
460.1	6.16836
460.2	6.08162
460.3	5.81524
460.4	5.57234
460.5	5.35318
460.6	5.34781
460.7	5.53624
460.8	5.68488
460.9	5.80687
461	5.91713
461.1	5.99174
461.2	6.06193
461.3	6.08624
461.4	6.12036
461.5	6.13795
461.6	5.98221
461.7	5.63871
461.8	5.32619
461.9	5.0062
462	4.85792
462.1	4.97157
462.2	5.04881
462.3	5.16462
462.4	5.23748
462.5	5.33874
462.6	5.40157
462.7	5.48868
462.8	5.55136
462.9	5.64952
463	5.58748
463.1	5.34527
463.2	5.12399
463.3	4.90672
463.4	5.06593
463.5	5.19796
463.6	5.35763
463.7	5.46332
463.8	5.57479
463.9	5.64852
464	5.7114
464.1	5.76365
464.2	5.79979
464.3	5.84418
464.4	5.56768
464.5	5.30371
464.6	5.00569
464.7	4.7492
464.8	4.49077
464.9	4.25395
465	4.04668
465.1	3.83233
465.2	3.65756
465.3	3.46878
465.4	3.3272
465.5	3.16349
465.6	3.04395
465.7	2.91295
465.8	2.79708
465.9	2.68958
466	2.58466
466.1	2.40733
466.2	2.83145
466.3	3.2607
466.4	3.58377
466.5	3.84587
466.6	4.04279
466.7	4.20896
466.8	4.34064
466.9	4.44698
467	4.52535
467.1	4.62549
467.2	4.36541
467.3	4.03984
467.4	3.72801
467.5	3.43386
467.6	3.31694
467.7	3.34947
467.8	3.38615
467.9	3.42621
468	3.47745
468.1	3.5352
468.2	3.59042
468.3	3.64786
468.4	3.70356
468.5	3.75558
468.6	3.6709
468.7	3.4664
468.8	3.27615
468.9	3.09674
469	2.97971
469.1	2.98374
469.2	2.9901
469.3	2.98875
469.4	2.98586
469.5	2.97764
469.6	2.96193
469.7	2.94553
469.8	2.92659
469.9	2.90823
470	2.83126
470.1	2.63747
470.2	2.45612
470.3	2.2867
470.4	2.1077
470.5	2.9011
470.6	3.61569
470.7	4.15045
470.8	4.56839
470.9	4.91203
471	5.20003
471.1	5.44635
471.2	5.66105
471.3	5.84643
471.4	6.01182
471.5	5.76767
471.6	5.44884
471.7	5.15331
471.8	4.89597
471.9	5.06761
472	5.21604
472.1	5.3612
472.2	5.49975
472.3	5.61556
472.4	5.70679
472.5	5.78535
472.6	5.85492
472.7	5.9165
472.8	5.94993
472.9	5.64014
473	5.3515
473.1	5.06183
473.2	4.73876
473.3	4.98094
473.4	5.20842
473.5	5.4095
473.6	5.56883
473.7	5.70318
473.8	5.83399
473.9	5.946
474	6.04396
474.1	6.13516
474.2	6.24163
474.3	5.92069
474.4	5.61255
474.5	5.31779
474.6	5.11826
474.7	5.21688
474.8	5.30676
474.9	5.39046
475	5.46694
475.1	5.53645
475.2	5.5917
475.3	5.63332
475.4	5.67226
475.5	5.70915
475.6	5.67981
475.7	5.39172
475.8	5.11744
475.9	4.85378
476	4.56576
476.1	4.7419
476.2	4.95141
476.3	5.13515
476.4	5.2815
476.5	5.40017
476.6	5.50825
476.7	5.608
476.8	5.69584
476.9	5.77387
477	5.87442
477.1	5.61133
477.2	5.31902
477.3	5.02926
477.4	4.8384
477.5	4.93623
477.6	5.00429
477.7	5.05928
477.8	5.10916
477.9	5.14507
478	5.16041
478.1	5.16984
478.2	5.17662
478.3	5.19098
478.4	5.1245
478.5	4.79768
478.6	4.50123
478.7	4.22047
478.8	3.92455
478.9	3.83158
479	4.0144
479.1	4.15964
479.2	4.26534
479.3	4.36696
479.4	4.46861
479.5	4.55843
479.6	4.63655
479.7	4.71087
479.8	4.79647
479.9	4.72917
480	4.45277
480.1	4.20537
480.2	3.99385
480.3	3.84421
480.4	3.91617
480.5	3.97879
480.6	4.03395
480.7	4.07682
480.8	4.09621
480.9	4.11198
481	4.12812
481.1	4.13674
481.2	4.13419
481.3	4.07906
481.4	3.8222
481.5	3.58234
481.6	3.34965
481.7	3.10595
481.8	3.44825
481.9	3.85666
482	4.174
482.1	4.43266
482.2	4.6603
482.3	4.84904
482.4	5.00954
482.5	5.15281
482.6	5.28479
482.7	5.41151
482.8	5.19427
482.9	4.89645
483	4.62893
483.1	4.38129
483.2	4.45144
483.3	4.64285
483.4	4.82068
483.5	4.98743
483.6	5.13299
483.7	5.25941
483.8	5.36333
483.9	5.44792
484	5.52675
484.1	5.59174
484.2	5.4086
484.3	5.14104
484.4	4.88024
484.5	4.5936
484.6	4.65225
484.7	4.7842
484.8	4.90171
484.9	4.9973
485	5.0737
485.1	5.14962
485.2	5.21561
485.3	5.26712
485.4	5.31561
485.5	5.38134
485.6	5.15411
485.7	4.87028
485.8	4.60921
485.9	4.36595
486	4.31086
486.1	4.52877
486.2	4.72664
486.3	4.90567
486.4	5.06889
486.5	5.20472
486.6	5.33369
486.7	5.44412
486.8	5.54025
486.9	5.62957
487	5.5818
487.1	5.31822
487.2	5.0646
487.3	4.79704
487.4	4.73721
487.5	4.72188
487.6	4.70312
487.7	4.68479
487.8	4.65416
487.9	4.62647
488	4.59999
488.1	4.57989
488.2	4.53242
488.3	4.49151
488.4	4.2359
488.5	3.92003
488.6	3.58058
488.7	3.24996
488.8	3.0368
488.9	3.01979
489	3.01224
489.1	3.00854
489.2	3.04897
489.3	3.10548
489.4	3.14663
489.5	3.22146
489.6	3.31098
489.7	3.38673
489.8	3.36904
489.9	3.18444
490	2.99239
490.1	2.79525
490.2	2.93833
490.3	3.09439
490.4	3.22916
490.5	3.35113
490.6	3.46788
490.7	3.5731
490.8	3.66624
490.9	3.75412
491	3.83541
491.1	3.91579
491.2	3.75312
491.3	3.58176
491.4	3.43044
491.5	3.2852
491.6	3.14179
491.7	3.22026
491.8	3.37177
491.9	3.50238
492	3.61292
492.1	3.70378
492.2	3.77029
492.3	3.82784
492.4	3.87342
492.5	3.91014
492.6	3.94108
492.7	3.79256
492.8	3.5763
492.9	3.36544
493	3.16436
493.1	2.96223
493.2	2.91212
493.3	2.85904
493.4	2.81291
493.5	2.76943
493.6	2.73552
493.7	2.7057
493.8	2.68408
493.9	2.67306
494	2.66733
494.1	2.67733
494.2	2.54537
494.3	2.42613
494.4	2.3161
494.5	2.4387
494.6	2.54008
494.7	2.63092
494.8	2.70591
494.9	2.76864
495	2.81831
495.1	2.85982
495.2	2.89393
495.3	2.92096
495.4	2.94093
495.5	2.77519
495.6	2.619
495.7	2.4664
495.8	2.30784
495.9	2.24361
496	2.27866
496.1	2.31536
496.2	2.35174
496.3	2.38939
496.4	2.42598
496.5	2.46271
496.6	2.49344
496.7	2.52726
496.8	2.57149
496.9	2.53609
497	2.4239
497.1	2.31515
497.2	2.21467
497.3	2.21957
497.4	2.32821
497.5	2.42144
497.6	2.50562
497.7	2.56929
497.8	2.62117
497.9	2.66313
498	2.69494
498.1	2.72063
498.2	2.73774
498.3	2.67162
498.4	2.51739
498.5	2.36949
498.6	2.203
498.7	2.19043
498.8	2.22303
498.9	2.24976
499	2.27673
499.1	2.30193
499.2	2.33039
499.3	2.35619
499.4	2.38396
499.5	2.41055
499.6	2.45609
499.7	2.37444
499.8	2.25913
499.9	2.15563
500	2.05924
500.1	2.19369
500.2	2.33749
500.3	2.45489
500.4	2.54805
500.5	2.62015
500.6	2.67561
500.7	2.72339
500.8	2.7626
500.9	2.79283
501	2.81741
501.1	2.66829
501.2	2.49466
501.3	2.32859
501.4	2.16484
501.5	2.23791
501.6	2.32205
501.7	2.3934
501.8	2.45904
501.9	2.51907
502	2.57425
502.1	2.62569
502.2	2.67444
502.3	2.72014
502.4	2.77126
502.5	2.64501
502.6	2.51485
502.7	2.3932
502.8	2.27997
502.9	2.17409
503	2.16207
503.1	2.2032
503.2	2.23448
503.3	2.25934
503.4	2.27428
503.5	2.2835
503.6	2.28582
503.7	2.28624
503.8	2.28196
503.9	2.27839
504	2.19112
504.1	2.05357
504.2	1.92302
504.3	1.80139
504.4	1.66863
504.5	1.68565
504.6	1.71092
504.7	1.73224
504.8	1.7498
504.9	1.7666
505	1.78042
505.1	1.79368
505.2	1.809
505.3	1.82455
505.4	1.85613
505.5	1.7574
505.6	1.659
505.7	1.56996
505.8	1.48993
505.9	1.50111
506	1.50768
506.1	1.51762
506.2	1.51898
506.3	1.51399
506.4	1.51166
506.5	1.50123
506.6	1.49457
506.7	1.4834
506.8	1.47633
506.9	1.37684
507	1.28898
507.1	1.19783
507.2	1.10839
507.3	1.08795
507.4	1.06695
507.5	1.0597
507.6	1.04912
507.7	1.04351
507.8	1.03279
507.9	1.03036
508	1.02446
508.1	1.02166
508.2	1.0271
508.3	0.970078
508.4	0.914588
508.5	0.861773
508.6	0.824978
508.7	0.811888
508.8	0.804399
508.9	0.790712
509	0.781107
509.1	0.766913
509.2	0.755058
509.3	0.743902
509.4	0.731995
509.5	0.719993
509.6	0.693731
509.7	0.645072
509.8	0.594991
509.9	0.550764
510	0.505753
510.1	0.467248
510.2	0.430208
510.3	0.393747
510.4	0.360457
510.5	0.328128
510.6	0.29959
510.7	0.269952
510.8	0.243238
510.9	0.216558
511	0.192774
511.1	0.169336
511.2	0.146445
511.3	0.124885
511.4	0.105045
511.5	0.0869331
511.6	0.0695578
511.7	0.0544739
511.8	0.0407954
511.9	0.0293374
512	0.0193658
512.1	0.0110896
512.2	0.00476878
512.3	0
512.4	0
512.5	0
